t	 B16     B17    B06      C05      C06       C09    MEDIA   DP

0	6,2943  6,1927 6,2584 6,208568 6,808956 6,296968 6.34331 0,23213 

0,04	6,3541  6,4885 6,3780 6,394490 6,839431 6,424965 6.47991 0.18213

0,08	6,3212  6,5486 6,4109 6,254302 6,735814 6,303063 6.42897 0.18262

0,17	5,5915  5,6096 5,6277 5,833741 6,452393 6,028728 5.857277 0.33728 

0,33	4,1949  4,4266 4,4948 4,727484 5,340039 4,642148 4.63766 0.39049

0,5	3,8517  3,8878 3,9268 3,889414 4,581198 4,349588 4.08108 0.30748
	 
1	3,6651  3,2076 3,1973 3,261501 3,481012 3,484015 3.38275 0.18942

1,5	3,4814  3,1626 2,8537 3,182415 3,164055 3,243286 3.18124 0.20093

3	3,2529  2,9128 2,5340 2,990339 2,780317 2,816904 2.88121 0.23913

10	2,7528  2,7016 2,3345 2,743510 2,369216 2,025306 2.487822 0.29420

15	2,3838  2,3541 2,2355 2,694605 1,949390 1,698970 2.21939 0.35071

24	2,1818  2,0453 2,0492 2,227887 1,623249 1,278754 1.90103 0.37224

30	1,9243  1,4914 2,1173 1,863323 1,556303 1,342423 1.7158415 0.29720


 




