0,982200
0.01,889551
0.02,806264
0.03,731397
0.04,664090
0.05,603570
0.06,549143
0.07,500186
0.08,456140
0.09,416502
0.1,380821
0.11,348691
0.12,319750
0.13,293671
0.14,270161
0.15,248957
0.16,229823
0.17,212547
0.18,196939
0.19,182828
0.2,170061
0.21,158501
0.22,148025
0.23,138521
0.24,129892
0.25,122046
0.26,114906
0.27,108399
0.28,102462
0.29,97035.4
0.3,92069.1
0.31,87516.6
0.32,83336.2
0.33,79490.8
0.34,75947
0.35,72674.9
0.36,69647.8
0.37,66841.5
0.38,64234.7
0.39,61807.9
0.4,59544
0.41,57427.3
0.42,55444.1
0.43,53581.8
0.44,51829.4
0.45,50176.7
0.46,48614.9
0.47,47135.8
0.48,45732.4
0.49,44398
0.5,43127
0.51,41914
0.52,40754.6
0.53,39644.3
0.54,38579.5
0.55,37556.8
0.56,36573.1
0.57,35625.7
0.58,34712.1
0.59,33830.1
0.6,32977.6
0.61,32153
0.62,31354.4
0.63,30580.5
0.64,29829.9
0.65,29101.3
0.66,28393.7
0.67,27706
0.68,27037.3
0.69,26386.8
0.7,25753.8
0.71,25137.3
0.72,24537
0.73,23952
0.74,23381.9
0.75,22826.1
0.76,22284.2
0.77,21755.7
0.78,21240.2
0.79,20737.2
0.8,20246.5
0.81,19767.6
0.82,19300.3
0.83,18844.2
0.84,18399
0.85,17964.4
0.86,17540.1
0.87,17126
0.88,16721.7
0.89,16327
0.9,15941.6
0.91,15565.4
0.92,15198.1
0.93,14839.5
0.94,14489.4
0.95,14147.6
0.96,13813.9
0.97,13488.2
0.98,13170.2
0.99,12859.7
1,12556.7
1.01,12260.8
1.02,11972
1.03,11690.1
1.04,11414.9
1.05,11146.4
1.06,10884.2
1.07,10628.3
1.08,10378.6
1.09,10134.8
1.1,9896.89
1.11,9664.7
1.12,9438.11
1.13,9216.96
1.14,9001.15
1.15,8790.54
1.16,8585.01
1.17,8384.45
1.18,8188.73
1.19,7997.75
1.2,7811.39
1.21,7629.53
1.22,7452.09
1.23,7278.94
1.24,7109.99
1.25,6945.13
1.26,6784.27
1.27,6627.32
1.28,6474.18
1.29,6324.75
1.3,6178.95
1.31,6036.69
1.32,5897.88
1.33,5762.45
1.34,5630.3
1.35,5501.37
1.36,5375.56
1.37,5252.81
1.38,5133.04
1.39,5016.18
1.4,4902.15
1.41,4790.88
1.42,4682.32
1.43,4576.39
1.44,4473.03
1.45,4372.17
1.46,4273.75
1.47,4177.72
1.48,4084.01
1.49,3992.57
1.5,3903.33
1.51,3816.26
1.52,3731.28
1.53,3648.36
1.54,3567.44
1.55,3488.47
1.56,3411.4
1.57,3336.18
1.58,3262.78
1.59,3191.14
1.6,3121.22
1.61,3052.98
1.62,2986.37
1.63,2921.36
1.64,2857.91
1.65,2795.98
1.66,2735.52
1.67,2676.51
1.68,2618.91
1.69,2562.68
1.7,2507.79
1.71,2454.2
1.72,2401.89
1.73,2350.82
1.74,2300.96
1.75,2252.28
1.76,2204.76
1.77,2158.36
1.78,2113.05
1.79,2068.82
1.8,2025.62
1.81,1983.45
1.82,1942.26
1.83,1902.04
1.84,1862.77
1.85,1824.42
1.86,1786.96
1.87,1750.38
1.88,1714.65
1.89,1679.76
1.9,1645.68
1.91,1612.39
1.92,1579.87
1.93,1548.11
1.94,1517.09
1.95,1486.78
1.96,1457.18
1.97,1428.26
1.98,1400
1.99,1372.39
2,1345.42
2.01,1319.07
2.02,1293.32
2.03,1268.17
2.04,1243.58
2.05,1219.56
2.06,1196.09
2.07,1173.15
2.08,1150.73
2.09,1128.82
2.1,1107.41
2.11,1086.48
2.12,1066.02
2.13,1046.03
2.14,1026.48
2.15,1007.38
2.16,988.705
2.17,970.448
2.18,952.601
2.19,935.152
2.2,918.093
2.21,901.414
2.22,885.106
2.23,869.161
2.24,853.569
2.25,838.322
2.26,823.412
2.27,808.831
2.28,794.571
2.29,780.625
2.3,766.985
2.31,753.644
2.32,740.594
2.33,727.83
2.34,715.344
2.35,703.13
2.36,691.181
2.37,679.491
2.38,668.054
2.39,656.864
2.4,645.916
2.41,635.203
2.42,624.721
2.43,614.463
2.44,604.425
2.45,594.601
2.46,584.987
2.47,575.577
2.48,566.367
2.49,557.353
2.5,548.529
2.51,539.892
2.52,531.436
2.53,523.158
2.54,515.054
2.55,507.12
2.56,499.352
2.57,491.745
2.58,484.297
2.59,477.004
2.6,469.861
2.61,462.867
2.62,456.017
2.63,449.307
2.64,442.736
2.65,436.299
2.66,429.994
2.67,423.817
2.68,417.767
2.69,411.839
2.7,406.031
2.71,400.341
2.72,394.765
2.73,389.302
2.74,383.948
2.75,378.702
2.76,373.56
2.77,368.521
2.78,363.582
2.79,358.74
2.8,353.995
2.81,349.343
2.82,344.783
2.83,340.312
2.84,335.928
2.85,331.63
2.86,327.416
2.87,323.284
2.88,319.232
2.89,315.258
2.9,311.36
2.91,307.537
2.92,303.788
2.93,300.11
2.94,296.502
2.95,292.963
2.96,289.49
2.97,286.084
2.98,282.741
2.99,279.461
3,276.242
3.01,273.084
3.02,269.984
3.03,266.942
3.04,263.955
3.05,261.024
3.06,258.147
3.07,255.322
3.08,252.549
3.09,249.827
3.1,247.153
3.11,244.528
3.12,241.951
3.13,239.419
3.14,236.933
3.15,234.491
3.16,232.093
3.17,229.737
3.18,227.422
3.19,225.149
3.2,222.915
3.21,220.72
3.22,218.563
3.23,216.444
3.24,214.361
3.25,212.314
3.26,210.303
3.27,208.325
3.28,206.381
3.29,204.47
3.3,202.592
3.31,200.745
3.32,198.929
3.33,197.143
3.34,195.387
3.35,193.66
3.36,191.962
3.37,190.291
3.38,188.648
3.39,187.031
3.4,185.441
3.41,183.876
3.42,182.337
3.43,180.822
3.44,179.331
3.45,177.864
3.46,176.421
3.47,175
3.48,173.601
3.49,172.224
3.5,170.868
3.51,169.534
3.52,168.22
3.53,166.926
3.54,165.652
3.55,164.397
3.56,163.162
3.57,161.944
3.58,160.745
3.59,159.564
3.6,158.401
3.61,157.255
3.62,156.125
3.63,155.012
3.64,153.915
3.65,152.835
3.66,151.769
3.67,150.719
3.68,149.684
3.69,148.664
3.7,147.658
3.71,146.667
3.72,145.689
3.73,144.725
3.74,143.774
3.75,142.836
3.76,141.911
3.77,140.999
3.78,140.099
3.79,139.211
3.8,138.335
3.81,137.471
3.82,136.619
3.83,135.777
3.84,134.947
3.85,134.128
3.86,133.319
3.87,132.52
3.88,131.732
3.89,130.954
3.9,130.186
3.91,129.428
3.92,128.679
3.93,127.94
3.94,127.21
3.95,126.489
3.96,125.776
3.97,125.073
3.98,124.378
3.99,123.691
4,123.013
4.01,122.343
4.02,121.68
4.03,121.026
4.04,120.379
4.05,119.74
4.06,119.108
4.07,118.484
4.08,117.867
4.09,117.257
4.1,116.654
4.11,116.057
4.12,115.468
4.13,114.884
4.14,114.308
4.15,113.738
4.16,113.174
4.17,112.616
4.18,112.064
4.19,111.518
4.2,110.978
4.21,110.444
4.22,109.915
4.23,109.392
4.24,108.875
4.25,108.363
4.26,107.856
4.27,107.354
4.28,106.858
4.29,106.366
4.3,105.88
4.31,105.398
4.32,104.922
4.33,104.45
4.34,103.982
4.35,103.519
4.36,103.061
4.37,102.607
4.38,102.158
4.39,101.713
4.4,101.272
4.41,100.835
4.42,100.403
4.43,99.974
4.44,99.5494
4.45,99.1287
4.46,98.712
4.47,98.299
4.48,97.8898
4.49,97.4843
4.5,97.0824
4.51,96.6841
4.52,96.2893
4.53,95.8981
4.54,95.5102
4.55,95.1258
4.56,94.7447
4.57,94.3669
4.58,93.9923
4.59,93.6209
4.6,93.2526
4.61,92.8875
4.62,92.5254
4.63,92.1663
4.64,91.8103
4.65,91.4571
4.66,91.1068
4.67,90.7594
4.68,90.4148
4.69,90.073
4.7,89.7339
4.71,89.3975
4.72,89.0638
4.73,88.7327
4.74,88.4042
4.75,88.0783
4.76,87.7548
4.77,87.4339
4.78,87.1154
4.79,86.7994
4.8,86.4858
4.81,86.1745
4.82,85.8655
4.83,85.5589
4.84,85.2545
4.85,84.9524
4.86,84.6525
4.87,84.3548
4.88,84.0592
4.89,83.7658
4.9,83.4745
4.91,83.1852
4.92,82.898
4.93,82.6129
4.94,82.3298
4.95,82.0486
4.96,81.7694
4.97,81.4921
4.98,81.2168
4.99,80.9433
5,80.6717
5.01,80.402
5.02,80.134
5.03,79.8679
5.04,79.6036
5.05,79.341
5.06,79.0801
5.07,78.821
5.08,78.5636
5.09,78.3079
5.1,78.0538
5.11,77.8013
5.12,77.5505
5.13,77.3013
5.14,77.0537
5.15,76.8077
5.16,76.5632
5.17,76.3202
5.18,76.0788
5.19,75.8389
5.2,75.6005
5.21,75.3635
5.22,75.128
5.23,74.894
5.24,74.6613
5.25,74.4301
5.26,74.2003
5.27,73.9718
5.28,73.7448
5.29,73.5191
5.3,73.2947
5.31,73.0716
5.32,72.8499
5.33,72.6295
5.34,72.4103
5.35,72.1924
5.36,71.9758
5.37,71.7605
5.38,71.5464
5.39,71.3335
5.4,71.1218
5.41,70.9113
5.42,70.702
5.43,70.4939
5.44,70.2869
5.45,70.0811
5.46,69.8765
5.47,69.673
5.48,69.4706
5.49,69.2693
5.5,69.0692
5.51,68.8701
5.52,68.6721
5.53,68.4752
5.54,68.2793
5.55,68.0845
5.56,67.8907
5.57,67.698
5.58,67.5063
5.59,67.3156
5.6,67.1259
5.61,66.9373
5.62,66.7496
5.63,66.5629
5.64,66.3771
5.65,66.1924
5.66,66.0085
5.67,65.8257
5.68,65.6438
5.69,65.4628
5.7,65.2827
5.71,65.1035
5.72,64.9253
5.73,64.7479
5.74,64.5715
5.75,64.3959
5.76,64.2212
5.77,64.0474
5.78,63.8745
5.79,63.7024
5.8,63.5311
5.81,63.3607
5.82,63.1912
5.83,63.0224
5.84,62.8545
5.85,62.6874
5.86,62.5211
5.87,62.3557
5.88,62.191
5.89,62.0271
5.9,61.864
5.91,61.7017
5.92,61.5401
5.93,61.3793
5.94,61.2193
5.95,61.0601
5.96,60.9015
5.97,60.7438
5.98,60.5868
5.99,60.4305
6,60.2749
6.01,60.12
6.02,59.9659
6.03,59.8125
6.04,59.6598
6.05,59.5078
6.06,59.3565
6.07,59.2059
6.08,59.0559
6.09,58.9067
6.1,58.7581
6.11,58.6102
6.12,58.463
6.13,58.3164
6.14,58.1705
6.15,58.0252
6.16,57.8806
6.17,57.7367
6.18,57.5934
6.19,57.4507
6.2,57.3086
6.21,57.1672
6.22,57.0264
6.23,56.8862
6.24,56.7466
6.25,56.6076
6.26,56.4693
6.27,56.3315
6.28,56.1943
6.29,56.0578
6.3,55.9218
6.31,55.7864
6.32,55.6516
6.33,55.5174
6.34,55.3837
6.35,55.2506
6.36,55.1181
6.37,54.9861
6.38,54.8547
6.39,54.7239
6.4,54.5936
6.41,54.4638
6.42,54.3346
6.43,54.206
6.44,54.0779
6.45,53.9503
6.46,53.8232
6.47,53.6967
6.48,53.5707
6.49,53.4452
6.5,53.3203
6.51,53.1958
6.52,53.0719
6.53,52.9485
6.54,52.8256
6.55,52.7031
6.56,52.5812
6.57,52.4598
6.58,52.3389
6.59,52.2184
6.6,52.0985
6.61,51.979
6.62,51.8601
6.63,51.7415
6.64,51.6235
6.65,51.506
6.66,51.3889
6.67,51.2723
6.68,51.1561
6.69,51.0404
6.7,50.9252
6.71,50.8104
6.72,50.6961
6.73,50.5822
6.74,50.4688
6.75,50.3558
6.76,50.2433
6.77,50.1312
6.78,50.0195
6.79,49.9083
6.8,49.7975
6.81,49.6872
6.82,49.5772
6.83,49.4677
6.84,49.3587
6.85,49.25
6.86,49.1418
6.87,49.0339
6.88,48.9265
6.89,48.8195
6.9,48.7129
6.91,48.6068
6.92,48.501
6.93,48.3956
6.94,48.2906
6.95,48.1861
6.96,48.0819
6.97,47.9781
6.98,47.8747
6.99,47.7717
7,47.6691
7.01,47.5668
7.02,47.465
7.03,47.3635
7.04,47.2624
7.05,47.1617
7.06,47.0614
7.07,46.9614
7.08,46.8618
7.09,46.7626
7.1,46.6637
7.11,46.5652
7.12,46.4671
7.13,46.3693
7.14,46.2719
7.15,46.1748
7.16,46.0781
7.17,45.9818
7.18,45.8858
7.19,45.7901
7.2,45.6948
7.21,45.5999
7.22,45.5053
7.23,45.411
7.24,45.3171
7.25,45.2235
7.26,45.1303
7.27,45.0373
7.28,44.9448
7.29,44.8525
7.3,44.7606
7.31,44.669
7.32,44.5777
7.33,44.4868
7.34,44.3962
7.35,44.3059
7.36,44.2159
7.37,44.1263
7.38,44.0369
7.39,43.9479
7.4,43.8592
7.41,43.7708
7.42,43.6827
7.43,43.595
7.44,43.5075
7.45,43.4203
7.46,43.3335
7.47,43.2469
7.48,43.1607
7.49,43.0747
7.5,42.9891
7.51,42.9037
7.52,42.8186
7.53,42.7339
7.54,42.6494
7.55,42.5652
7.56,42.4813
7.57,42.3977
7.58,42.3144
7.59,42.2314
7.6,42.1486
7.61,42.0661
7.62,41.984
7.63,41.9021
7.64,41.8204
7.65,41.7391
7.66,41.658
7.67,41.5772
7.68,41.4967
7.69,41.4164
7.7,41.3365
7.71,41.2567
7.72,41.1773
7.73,41.0981
7.74,41.0192
7.75,40.9406
7.76,40.8622
7.77,40.7841
7.78,40.7062
7.79,40.6286
7.8,40.5513
7.81,40.4742
7.82,40.3973
7.83,40.3208
7.84,40.2444
7.85,40.1684
7.86,40.0926
7.87,40.017
7.88,39.9417
7.89,39.8666
7.9,39.7918
7.91,39.7172
7.92,39.6428
7.93,39.5688
7.94,39.4949
7.95,39.4213
7.96,39.3479
7.97,39.2748
7.98,39.2019
7.99,39.1292
8,39.0568
8.01,38.9846
8.02,38.9127
8.03,38.8409
8.04,38.7695
8.05,38.6982
8.06,38.6272
8.07,38.5564
8.08,38.4858
8.09,38.4154
8.1,38.3453
8.11,38.2754
8.12,38.2057
8.13,38.1362
8.14,38.067
8.15,37.998
8.16,37.9292
8.17,37.8606
8.18,37.7922
8.19,37.7241
8.2,37.6562
8.21,37.5884
8.22,37.5209
8.23,37.4536
8.24,37.3866
8.25,37.3197
8.26,37.253
8.27,37.1866
8.28,37.1203
8.29,37.0543
8.3,36.9884
8.31,36.9228
8.32,36.8574
8.33,36.7922
8.34,36.7271
8.35,36.6623
8.36,36.5977
8.37,36.5333
8.38,36.4691
8.39,36.405
8.4,36.3412
8.41,36.2776
8.42,36.2141
8.43,36.1509
8.44,36.0879
8.45,36.025
8.46,35.9623
8.47,35.8999
8.48,35.8376
8.49,35.7755
8.5,35.7136
8.51,35.6519
8.52,35.5903
8.53,35.529
8.54,35.4678
8.55,35.4069
8.56,35.3461
8.57,35.2855
8.58,35.2251
8.59,35.1648
8.6,35.1048
8.61,35.0449
8.62,34.9852
8.63,34.9257
8.64,34.8663
8.65,34.8071
8.66,34.7482
8.67,34.6893
8.68,34.6307
8.69,34.5722
8.7,34.5139
8.71,34.4558
8.72,34.3979
8.73,34.3401
8.74,34.2825
8.75,34.225
8.76,34.1678
8.77,34.1107
8.78,34.0537
8.79,33.997
8.8,33.9404
8.81,33.8839
8.82,33.8277
8.83,33.7716
8.84,33.7156
8.85,33.6599
8.86,33.6042
8.87,33.5488
8.88,33.4935
8.89,33.4384
8.9,33.3834
8.91,33.3286
8.92,33.2739
8.93,33.2194
8.94,33.1651
8.95,33.1109
8.96,33.0569
8.97,33.003
8.98,32.9493
8.99,32.8957
9,32.8423
9.01,32.789
9.02,32.7359
9.03,32.683
9.04,32.6302
9.05,32.5775
9.06,32.525
9.07,32.4727
9.08,32.4205
9.09,32.3684
9.1,32.3165
9.11,32.2647
9.12,32.2131
9.13,32.1616
9.14,32.1103
9.15,32.0591
9.16,32.0081
9.17,31.9572
9.18,31.9064
9.19,31.8558
9.2,31.8053
9.21,31.755
9.22,31.7048
9.23,31.6548
9.24,31.6049
9.25,31.5551
9.26,31.5055
9.27,31.456
9.28,31.4066
9.29,31.3574
9.3,31.3083
9.31,31.2593
9.32,31.2105
9.33,31.1619
9.34,31.1133
9.35,31.0649
9.36,31.0166
9.37,30.9685
9.38,30.9204
9.39,30.8726
9.4,30.8248
9.41,30.7772
9.42,30.7297
9.43,30.6823
9.44,30.6351
9.45,30.588
9.46,30.541
9.47,30.4942
9.48,30.4474
9.49,30.4008
9.5,30.3544
9.51,30.308
9.52,30.2618
9.53,30.2157
9.54,30.1697
9.55,30.1239
9.56,30.0782
9.57,30.0326
9.58,29.9871
9.59,29.9417
9.6,29.8965
9.61,29.8514
9.62,29.8064
9.63,29.7615
9.64,29.7168
9.65,29.6721
9.66,29.6276
9.67,29.5832
9.68,29.5389
9.69,29.4947
9.7,29.4507
9.71,29.4068
9.72,29.363
9.73,29.3193
9.74,29.2757
9.75,29.2322
9.76,29.1888
9.77,29.1456
9.78,29.1025
9.79,29.0595
9.8,29.0165
9.81,28.9738
9.82,28.9311
9.83,28.8885
9.84,28.8461
9.85,28.8037
9.86,28.7615
9.87,28.7193
9.88,28.6773
9.89,28.6354
9.9,28.5936
9.91,28.5519
9.92,28.5103
9.93,28.4689
9.94,28.4275
9.95,28.3862
9.96,28.3451
9.97,28.304
9.98,28.2631
9.99,28.2222
10,28.1815
10.01,28.1409
10.02,28.1003
10.03,28.0599
10.04,28.0196
10.05,27.9794
10.06,27.9393
10.07,27.8992
10.08,27.8593
10.09,27.8195
10.1,27.7798
10.11,27.7402
10.12,27.7007
10.13,27.6613
10.14,27.622
10.15,27.5827
10.16,27.5436
10.17,27.5046
10.18,27.4657
10.19,27.4269
10.2,27.3882
10.21,27.3495
10.22,27.311
10.23,27.2726
10.24,27.2342
10.25,27.196
10.26,27.1579
10.27,27.1198
10.28,27.0819
10.29,27.044
10.3,27.0062
10.31,26.9686
10.32,26.931
10.33,26.8935
10.34,26.8561
10.35,26.8188
10.36,26.7816
10.37,26.7445
10.38,26.7074
10.39,26.6705
10.4,26.6337
10.41,26.5969
10.42,26.5603
10.43,26.5237
10.44,26.4872
10.45,26.4508
10.46,26.4145
10.47,26.3783
10.48,26.3421
10.49,26.3061
10.5,26.2702
10.51,26.2343
10.52,26.1985
10.53,26.1628
10.54,26.1272
10.55,26.0917
10.56,26.0563
10.57,26.0209
10.58,25.9856
10.59,25.9505
10.6,25.9154
10.61,25.8804
10.62,25.8454
10.63,25.8106
10.64,25.7758
10.65,25.7412
10.66,25.7066
10.67,25.6721
10.68,25.6376
10.69,25.6033
10.7,25.569
10.71,25.5349
10.72,25.5008
10.73,25.4667
10.74,25.4328
10.75,25.3989
10.76,25.3652
10.77,25.3315
10.78,25.2978
10.79,25.2643
10.8,25.2309
10.81,25.1975
10.82,25.1642
10.83,25.1309
10.84,25.0978
10.85,25.0647
10.86,25.0317
10.87,24.9988
10.88,24.966
10.89,24.9332
10.9,24.9006
10.91,24.868
10.92,24.8354
10.93,24.803
10.94,24.7706
10.95,24.7383
10.96,24.7061
10.97,24.6739
10.98,24.6418
10.99,24.6098
11,24.5779
11.01,24.546
11.02,24.5143
11.03,24.4826
11.04,24.4509
11.05,24.4194
11.06,24.3879
11.07,24.3564
11.08,24.3251
11.09,24.2938
11.1,24.2626
11.11,24.2315
11.12,24.2004
11.13,24.1694
11.14,24.1385
11.15,24.1077
11.16,24.0769
11.17,24.0462
11.18,24.0155
11.19,23.985
11.2,23.9545
11.21,23.9241
11.22,23.8937
11.23,23.8634
11.24,23.8332
11.25,23.803
11.26,23.7729
11.27,23.7429
11.28,23.713
11.29,23.6831
11.3,23.6533
11.31,23.6235
11.32,23.5938
11.33,23.5642
11.34,23.5347
11.35,23.5052
11.36,23.4757
11.37,23.4464
11.38,23.4171
11.39,23.3879
11.4,23.3587
11.41,23.3296
11.42,23.3006
11.43,23.2716
11.44,23.2427
11.45,23.2139
11.46,23.1851
11.47,23.1564
11.48,23.1278
11.49,23.0992
11.5,23.0707
11.51,23.0422
11.52,23.0138
11.53,22.9855
11.54,22.9572
11.55,22.929
11.56,22.9009
11.57,22.8728
11.58,22.8448
11.59,22.8168
11.6,22.7889
11.61,22.7611
11.62,22.7333
11.63,22.7056
11.64,22.6779
11.65,22.6503
11.66,22.6228
11.67,22.5953
11.68,22.5679
11.69,22.5405
11.7,22.5132
11.71,22.486
11.72,22.4588
11.73,22.4317
11.74,22.4046
11.75,22.3776
11.76,22.3507
11.77,22.3238
11.78,22.2969
11.79,22.2702
11.8,22.2435
11.81,22.2168
11.82,22.1902
11.83,22.1636
11.84,22.1371
11.85,22.1107
11.86,22.0843
11.87,22.058
11.88,22.0318
11.89,22.0055
11.9,21.9794
11.91,21.9533
11.92,21.9272
11.93,21.9013
11.94,21.8753
11.95,21.8495
11.96,21.8236
11.97,21.7979
11.98,21.7721
11.99,21.7465
12,21.7209
12.01,21.6953
12.02,21.6698
12.03,21.6444
12.04,21.619
12.05,21.5936
12.06,21.5684
12.07,21.5431
12.08,21.5179
12.09,21.4928
12.1,21.4677
12.11,21.4427
12.12,21.4178
12.13,21.3928
12.14,21.368
12.15,21.3431
12.16,21.3184
12.17,21.2937
12.18,21.269
12.19,21.2444
12.2,21.2198
12.21,21.1953
12.22,21.1709
12.23,21.1465
12.24,21.1221
12.25,21.0978
12.26,21.0735
12.27,21.0493
12.28,21.0252
12.29,21.0011
12.3,20.977
12.31,20.953
12.32,20.929
12.33,20.9051
12.34,20.8812
12.35,20.8574
12.36,20.8337
12.37,20.8099
12.38,20.7863
12.39,20.7626
12.4,20.7391
12.41,20.7155
12.42,20.6921
12.43,20.6686
12.44,20.6452
12.45,20.6219
12.46,20.5986
12.47,20.5754
12.48,20.5522
12.49,20.529
12.5,20.5059
12.51,20.4829
12.52,20.4599
12.53,20.4369
12.54,20.414
12.55,20.3911
12.56,20.3683
12.57,20.3455
12.58,20.3227
12.59,20.3001
12.6,20.2774
12.61,20.2548
12.62,20.2323
12.63,20.2097
12.64,20.1873
12.65,20.1649
12.66,20.1425
12.67,20.1201
12.68,20.0979
12.69,20.0756
12.7,20.0534
12.71,20.0313
12.72,20.0091
12.73,19.9871
12.74,19.965
12.75,19.9431
12.76,19.9211
12.77,19.8992
12.78,19.8774
12.79,19.8556
12.8,19.8338
12.81,19.8121
12.82,19.7904
12.83,19.7687
12.84,19.7471
12.85,19.7256
12.86,19.7041
12.87,19.6826
12.88,19.6612
12.89,19.6398
12.9,19.6184
12.91,19.5971
12.92,19.5758
12.93,19.5546
12.94,19.5334
12.95,19.5123
12.96,19.4912
12.97,19.4701
12.98,19.4491
12.99,19.4281
13,19.4072
13.01,19.3863
13.02,19.3654
13.03,19.3446
13.04,19.3238
13.05,19.3031
13.06,19.2824
13.07,19.2617
13.08,19.2411
13.09,19.2205
13.1,19.2
13.11,19.1795
13.12,19.159
13.13,19.1386
13.14,19.1182
13.15,19.0978
13.16,19.0775
13.17,19.0573
13.18,19.037
13.19,19.0168
13.2,18.9967
13.21,18.9766
13.22,18.9565
13.23,18.9364
13.24,18.9164
13.25,18.8965
13.26,18.8765
13.27,18.8566
13.28,18.8368
13.29,18.817
13.3,18.7972
13.31,18.7774
13.32,18.7577
13.33,18.7381
13.34,18.7184
13.35,18.6988
13.36,18.6793
13.37,18.6597
13.38,18.6403
13.39,18.6208
13.4,18.6014
13.41,18.582
13.42,18.5627
13.43,18.5434
13.44,18.5241
13.45,18.5048
13.46,18.4856
13.47,18.4665
13.48,18.4474
13.49,18.4283
13.5,18.4092
13.51,18.3902
13.52,18.3712
13.53,18.3522
13.54,18.3333
13.55,18.3144
13.56,18.2956
13.57,18.2768
13.58,18.258
13.59,18.2392
13.6,18.2205
13.61,18.2018
13.62,18.1832
13.63,18.1646
13.64,18.146
13.65,18.1274
13.66,18.1089
13.67,18.0905
13.68,18.072
13.69,18.0536
13.7,18.0352
13.71,18.0169
13.72,17.9986
13.73,17.9803
13.74,17.9621
13.75,17.9438
13.76,17.9257
13.77,17.9075
13.78,17.8894
13.79,17.8713
13.8,17.8533
13.81,17.8353
13.82,17.8173
13.83,17.7993
13.84,17.7814
13.85,17.7635
13.86,17.7457
13.87,17.7278
13.88,17.7101
13.89,17.6923
13.9,17.6746
13.91,17.6569
13.92,17.6392
13.93,17.6216
13.94,17.604
13.95,17.5864
13.96,17.5688
13.97,17.5513
13.98,17.5339
13.99,17.5164
14,17.499
14.01,17.4816
14.02,17.4643
14.03,17.4469
14.04,17.4296
14.05,17.4124
14.06,17.3951
14.07,17.3779
14.08,17.3608
14.09,17.3436
14.1,17.3265
14.11,17.3094
14.12,17.2924
14.13,17.2753
14.14,17.2583
14.15,17.2414
14.16,17.2244
14.17,17.2075
14.18,17.1907
14.19,17.1738
14.2,17.157
14.21,17.1402
14.22,17.1234
14.23,17.1067
14.24,17.09
14.25,17.0733
14.26,17.0567
14.27,17.0401
14.28,17.0235
14.29,17.0069
14.3,16.9904
14.31,16.9739
14.32,16.9574
14.33,16.941
14.34,16.9246
14.35,16.9082
14.36,16.8918
14.37,16.8755
14.38,16.8592
14.39,16.8429
14.4,16.8267
14.41,16.8104
14.42,16.7942
14.43,16.7781
14.44,16.7619
14.45,16.7458
14.46,16.7297
14.47,16.7137
14.48,16.6977
14.49,16.6816
14.5,16.6657
14.51,16.6497
14.52,16.6338
14.53,16.6179
14.54,16.602
14.55,16.5862
14.56,16.5704
14.57,16.5546
14.58,16.5388
14.59,16.5231
14.6,16.5074
14.61,16.4917
14.62,16.4761
14.63,16.4604
14.64,16.4448
14.65,16.4292
14.66,16.4137
14.67,16.3982
14.68,16.3827
14.69,16.3672
14.7,16.3517
14.71,16.3363
14.72,16.3209
14.73,16.3056
14.74,16.2902
14.75,16.2749
14.76,16.2596
14.77,16.2443
14.78,16.2291
14.79,16.2139
14.8,16.1987
14.81,16.1835
14.82,16.1684
14.83,16.1532
14.84,16.1381
14.85,16.1231
14.86,16.108
14.87,16.093
14.88,16.078
14.89,16.063
14.9,16.0481
14.91,16.0332
14.92,16.0183
14.93,16.0034
14.94,15.9886
14.95,15.9737
14.96,15.9589
14.97,15.9442
14.98,15.9294
14.99,15.9147
15,15.9
15.01,15.8853
15.02,15.8706
15.03,15.856
15.04,15.8414
15.05,15.8268
15.06,15.8122
15.07,15.7977
15.08,15.7832
15.09,15.7687
15.1,15.7542
15.11,15.7398
15.12,15.7254
15.13,15.711
15.14,15.6966
15.15,15.6822
15.16,15.6679
15.17,15.6536
15.18,15.6393
15.19,15.6251
15.2,15.6108
15.21,15.5966
15.22,15.5824
15.23,15.5682
15.24,15.5541
15.25,15.54
15.26,15.5259
15.27,15.5118
15.28,15.4977
15.29,15.4837
15.3,15.4697
15.31,15.4557
15.32,15.4417
15.33,15.4278
15.34,15.4139
15.35,15.4
15.36,15.3861
15.37,15.3722
15.38,15.3584
15.39,15.3446
15.4,15.3308
15.41,15.317
15.42,15.3032
15.43,15.2895
15.44,15.2758
15.45,15.2621
15.46,15.2485
15.47,15.2348
15.48,15.2212
15.49,15.2076
15.5,15.194
15.51,15.1805
15.52,15.1669
15.53,15.1534
15.54,15.1399
15.55,15.1264
15.56,15.113
15.57,15.0996
15.58,15.0861
15.59,15.0728
15.6,15.0594
15.61,15.046
15.62,15.0327
15.63,15.0194
15.64,15.0061
15.65,14.9928
15.66,14.9796
15.67,14.9664
15.68,14.9532
15.69,14.94
15.7,14.9268
15.71,14.9137
15.72,14.9005
15.73,14.8874
15.74,14.8744
15.75,14.8613
15.76,14.8482
15.77,14.8352
15.78,14.8222
15.79,14.8092
15.8,14.7963
15.81,14.7833
15.82,14.7704
15.83,14.7575
15.84,14.7446
15.85,14.7317
15.86,14.7189
15.87,14.7061
15.88,14.6933
15.89,14.6805
15.9,14.6677
15.91,14.6549
15.92,14.6422
15.93,14.6295
15.94,14.6168
15.95,14.6041
15.96,14.5915
15.97,14.5788
15.98,14.5662
15.99,14.5536
16,14.541
16.01,14.5285
16.02,14.5159
16.03,14.5034
16.04,14.4909
16.05,14.4784
16.06,14.466
16.07,14.4535
16.08,14.4411
16.09,14.4287
16.1,14.4163
16.11,14.4039
16.12,14.3915
16.13,14.3792
16.14,14.3669
16.15,14.3546
16.16,14.3423
16.17,14.33
16.18,14.3178
16.19,14.3056
16.2,14.2934
16.21,14.2812
16.22,14.269
16.23,14.2568
16.24,14.2447
16.25,14.2326
16.26,14.2205
16.27,14.2084
16.28,14.1963
16.29,14.1843
16.3,14.1722
16.31,14.1602
16.32,14.1482
16.33,14.1362
16.34,14.1243
16.35,14.1123
16.36,14.1004
16.37,14.0885
16.38,14.0766
16.39,14.0647
16.4,14.0529
16.41,14.041
16.42,14.0292
16.43,14.0174
16.44,14.0056
16.45,13.9938
16.46,13.9821
16.47,13.9703
16.48,13.9586
16.49,13.9469
16.5,13.9352
16.51,13.9236
16.52,13.9119
16.53,13.9003
16.54,13.8886
16.55,13.877
16.56,13.8655
16.57,13.8539
16.58,13.8423
16.59,13.8308
16.6,13.8193
16.61,13.8078
16.62,13.7963
16.63,13.7848
16.64,13.7733
16.65,13.7619
16.66,13.7505
16.67,13.7391
16.68,13.7277
16.69,13.7163
16.7,13.705
16.71,13.6936
16.72,13.6823
16.73,13.671
16.74,13.6597
16.75,13.6484
16.76,13.6371
16.77,13.6259
16.78,13.6147
16.79,13.6035
16.8,13.5923
16.81,13.5811
16.82,13.5699
16.83,13.5588
16.84,13.5476
16.85,13.5365
16.86,13.5254
16.87,13.5143
16.88,13.5032
16.89,13.4922
16.9,13.4811
16.91,13.4701
16.92,13.4591
16.93,13.4481
16.94,13.4371
16.95,13.4261
16.96,13.4152
16.97,13.4043
16.98,13.3933
16.99,13.3824
17,13.3715
17.01,13.3607
17.02,13.3498
17.03,13.339
17.04,13.3281
17.05,13.3173
17.06,13.3065
17.07,13.2957
17.08,13.285
17.09,13.2742
17.1,13.2635
17.11,13.2527
17.12,13.242
17.13,13.2313
17.14,13.2206
17.15,13.21
17.16,13.1993
17.17,13.1887
17.18,13.1781
17.19,13.1675
17.2,13.1569
17.21,13.1463
17.22,13.1357
17.23,13.1252
17.24,13.1146
17.25,13.1041
17.26,13.0936
17.27,13.0831
17.28,13.0726
17.29,13.0622
17.3,13.0517
17.31,13.0413
17.32,13.0308
17.33,13.0204
17.34,13.01
17.35,12.9997
17.36,12.9893
17.37,12.9789
17.38,12.9686
17.39,12.9583
17.4,12.948
17.41,12.9377
17.42,12.9274
17.43,12.9171
17.44,12.9068
17.45,12.8966
17.46,12.8864
17.47,12.8762
17.48,12.866
17.49,12.8558
17.5,12.8456
17.51,12.8354
17.52,12.8253
17.53,12.8152
17.54,12.805
17.55,12.7949
17.56,12.7848
17.57,12.7748
17.58,12.7647
17.59,12.7546
17.6,12.7446
17.61,12.7346
17.62,12.7246
17.63,12.7146
17.64,12.7046
17.65,12.6946
17.66,12.6846
17.67,12.6747
17.68,12.6647
17.69,12.6548
17.7,12.6449
17.71,12.635
17.72,12.6251
17.73,12.6153
17.74,12.6054
17.75,12.5956
17.76,12.5857
17.77,12.5759
17.78,12.5661
17.79,12.5563
17.8,12.5465
17.81,12.5368
17.82,12.527
17.83,12.5173
17.84,12.5075
17.85,12.4978
17.86,12.4881
17.87,12.4784
17.88,12.4688
17.89,12.4591
17.9,12.4494
17.91,12.4398
17.92,12.4302
17.93,12.4206
17.94,12.4109
17.95,12.4014
17.96,12.3918
17.97,12.3822
17.98,12.3727
17.99,12.3631
18,12.3536
18.01,12.3441
18.02,12.3346
18.03,12.3251
18.04,12.3156
18.05,12.3061
18.06,12.2967
18.07,12.2872
18.08,12.2778
18.09,12.2684
18.1,12.2589
18.11,12.2496
18.12,12.2402
18.13,12.2308
18.14,12.2214
18.15,12.2121
18.16,12.2027
18.17,12.1934
18.18,12.1841
18.19,12.1748
18.2,12.1655
18.21,12.1562
18.22,12.147
18.23,12.1377
18.24,12.1285
18.25,12.1192
18.26,12.11
18.27,12.1008
18.28,12.0916
18.29,12.0824
18.3,12.0732
18.31,12.0641
18.32,12.0549
18.33,12.0458
18.34,12.0367
18.35,12.0275
18.36,12.0184
18.37,12.0093
18.38,12.0003
18.39,11.9912
18.4,11.9821
18.41,11.9731
18.42,11.964
18.43,11.955
18.44,11.946
18.45,11.937
18.46,11.928
18.47,11.919
18.48,11.9101
18.49,11.9011
18.5,11.8921
18.51,11.8832
18.52,11.8743
18.53,11.8654
18.54,11.8565
18.55,11.8476
18.56,11.8387
18.57,11.8298
18.58,11.821
18.59,11.8121
18.6,11.8033
18.61,11.7944
18.62,11.7856
18.63,11.7768
18.64,11.768
18.65,11.7592
18.66,11.7505
18.67,11.7417
18.68,11.7329
18.69,11.7242
18.7,11.7155
18.71,11.7067
18.72,11.698
18.73,11.6893
18.74,11.6806
18.75,11.672
18.76,11.6633
18.77,11.6546
18.78,11.646
18.79,11.6374
18.8,11.6287
18.81,11.6201
18.82,11.6115
18.83,11.6029
18.84,11.5943
18.85,11.5857
18.86,11.5772
18.87,11.5686
18.88,11.5601
18.89,11.5516
18.9,11.543
18.91,11.5345
18.92,11.526
18.93,11.5175
18.94,11.509
18.95,11.5006
18.96,11.4921
18.97,11.4836
18.98,11.4752
18.99,11.4668
19,11.4584
19.01,11.4499
19.02,11.4415
19.03,11.4331
19.04,11.4248
19.05,11.4164
19.06,11.408
19.07,11.3997
19.08,11.3913
19.09,11.383
19.1,11.3747
19.11,11.3664
19.12,11.3581
19.13,11.3498
19.14,11.3415
19.15,11.3332
19.16,11.3249
19.17,11.3167
19.18,11.3084
19.19,11.3002
19.2,11.292
19.21,11.2838
19.22,11.2756
19.23,11.2674
19.24,11.2592
19.25,11.251
19.26,11.2428
19.27,11.2347
19.28,11.2265
19.29,11.2184
19.3,11.2102
19.31,11.2021
19.32,11.194
19.33,11.1859
19.34,11.1778
19.35,11.1697
19.36,11.1617
19.37,11.1536
19.38,11.1455
19.39,11.1375
19.4,11.1295
19.41,11.1214
19.42,11.1134
19.43,11.1054
19.44,11.0974
19.45,11.0894
19.46,11.0814
19.47,11.0735
19.48,11.0655
19.49,11.0575
19.5,11.0496
19.51,11.0417
19.52,11.0337
19.53,11.0258
19.54,11.0179
19.55,11.01
19.56,11.0021
19.57,10.9942
19.58,10.9864
19.59,10.9785
19.6,10.9706
19.61,10.9628
19.62,10.955
19.63,10.9471
19.64,10.9393
19.65,10.9315
19.66,10.9237
19.67,10.9159
19.68,10.9081
19.69,10.9004
19.7,10.8926
19.71,10.8848
19.72,10.8771
19.73,10.8693
19.74,10.8616
19.75,10.8539
19.76,10.8462
19.77,10.8385
19.78,10.8308
19.79,10.8231
19.8,10.8154
19.81,10.8077
19.82,10.8001
19.83,10.7924
19.84,10.7848
19.85,10.7771
19.86,10.7695
19.87,10.7619
19.88,10.7543
19.89,10.7467
19.9,10.7391
19.91,10.7315
19.92,10.7239
19.93,10.7163
19.94,10.7088
19.95,10.7012
19.96,10.6937
19.97,10.6862
19.98,10.6786
19.99,10.6711
20,10.6636
20.01,10.6561
20.02,10.6486
20.03,10.6411
20.04,10.6336
20.05,10.6262
20.06,10.6187
20.07,10.6112
20.08,10.6038
20.09,10.5964
20.1,10.5889
20.11,10.5815
20.12,10.5741
20.13,10.5667
20.14,10.5593
20.15,10.5519
20.16,10.5445
20.17,10.5372
20.18,10.5298
20.19,10.5224
20.2,10.5151
20.21,10.5078
20.22,10.5004
20.23,10.4931
20.24,10.4858
20.25,10.4785
20.26,10.4712
20.27,10.4639
20.28,10.4566
20.29,10.4493
20.3,10.442
20.31,10.4348
20.32,10.4275
20.33,10.4203
20.34,10.4131
20.35,10.4058
20.36,10.3986
20.37,10.3914
20.38,10.3842
20.39,10.377
20.4,10.3698
20.41,10.3626
20.42,10.3554
20.43,10.3483
20.44,10.3411
20.45,10.3339
20.46,10.3268
20.47,10.3197
20.48,10.3125
20.49,10.3054
20.5,10.2983
20.51,10.2912
20.52,10.2841
20.53,10.277
20.54,10.2699
20.55,10.2628
20.56,10.2558
20.57,10.2487
20.58,10.2416
20.59,10.2346
20.6,10.2276
20.61,10.2205
20.62,10.2135
20.63,10.2065
20.64,10.1995
20.65,10.1925
20.66,10.1855
20.67,10.1785
20.68,10.1715
20.69,10.1645
20.7,10.1576
20.71,10.1506
20.72,10.1436
20.73,10.1367
20.74,10.1298
20.75,10.1228
20.76,10.1159
20.77,10.109
20.78,10.1021
20.79,10.0952
20.8,10.0883
20.81,10.0814
20.82,10.0745
20.83,10.0676
20.84,10.0608
20.85,10.0539
20.86,10.0471
20.87,10.0402
20.88,10.0334
20.89,10.0266
20.9,10.0197
20.91,10.0129
20.92,10.0061
20.93,9.9993
20.94,9.99251
20.95,9.98572
20.96,9.97893
20.97,9.97216
20.98,9.96539
20.99,9.95863
21,9.95188
21.01,9.94513
21.02,9.93839
21.03,9.93166
21.04,9.92493
21.05,9.91821
21.06,9.9115
21.07,9.90479
21.08,9.89809
21.09,9.8914
21.1,9.88471
21.11,9.87804
21.12,9.87136
21.13,9.8647
21.14,9.85804
21.15,9.85139
21.16,9.84474
21.17,9.83811
21.18,9.83147
21.19,9.82485
21.2,9.81823
21.21,9.81162
21.22,9.80501
21.23,9.79842
21.24,9.79182
21.25,9.78524
21.26,9.77866
21.27,9.77209
21.28,9.76552
21.29,9.75896
21.3,9.75241
21.31,9.74587
21.32,9.73933
21.33,9.73279
21.34,9.72627
21.35,9.71975
21.36,9.71324
21.37,9.70673
21.38,9.70023
21.39,9.69374
21.4,9.68725
21.41,9.68077
21.42,9.67429
21.43,9.66782
21.44,9.66136
21.45,9.65491
21.46,9.64846
21.47,9.64202
21.48,9.63558
21.49,9.62915
21.5,9.62273
21.51,9.61631
21.52,9.6099
21.53,9.60349
21.54,9.5971
21.55,9.5907
21.56,9.58432
21.57,9.57794
21.58,9.57157
21.59,9.5652
21.6,9.55884
21.61,9.55248
21.62,9.54614
21.63,9.53979
21.64,9.53346
21.65,9.52713
21.66,9.5208
21.67,9.51449
21.68,9.50817
21.69,9.50187
21.7,9.49557
21.71,9.48928
21.72,9.48299
21.73,9.47671
21.74,9.47043
21.75,9.46417
21.76,9.4579
21.77,9.45165
21.78,9.4454
21.79,9.43915
21.8,9.43291
21.81,9.42668
21.82,9.42045
21.83,9.41423
21.84,9.40802
21.85,9.40181
21.86,9.39561
21.87,9.38941
21.88,9.38322
21.89,9.37703
21.9,9.37086
21.91,9.36468
21.92,9.35852
21.93,9.35235
21.94,9.3462
21.95,9.34005
21.96,9.33391
21.97,9.32777
21.98,9.32164
21.99,9.31551
22,9.30939
22.01,9.30327
22.02,9.29717
22.03,9.29106
22.04,9.28496
22.05,9.27887
22.06,9.27279
22.07,9.26671
22.08,9.26063
22.09,9.25456
22.1,9.2485
22.11,9.24244
22.12,9.23639
22.13,9.23035
22.14,9.22431
22.15,9.21827
22.16,9.21224
22.17,9.20622
22.18,9.2002
22.19,9.19419
22.2,9.18818
22.21,9.18218
22.22,9.17619
22.23,9.1702
22.24,9.16421
22.25,9.15824
22.26,9.15226
22.27,9.1463
22.28,9.14033
22.29,9.13438
22.3,9.12843
22.31,9.12248
22.32,9.11654
22.33,9.11061
22.34,9.10468
22.35,9.09876
22.36,9.09284
22.37,9.08693
22.38,9.08102
22.39,9.07512
22.4,9.06922
22.41,9.06333
22.42,9.05745
22.43,9.05157
22.44,9.04569
22.45,9.03982
22.46,9.03396
22.47,9.0281
22.48,9.02225
22.49,9.0164
22.5,9.01056
22.51,9.00472
22.52,8.99889
22.53,8.99306
22.54,8.98724
22.55,8.98143
22.56,8.97562
22.57,8.96981
22.58,8.96401
22.59,8.95822
22.6,8.95243
22.61,8.94664
22.62,8.94086
22.63,8.93509
22.64,8.92932
22.65,8.92356
22.66,8.9178
22.67,8.91205
22.68,8.9063
22.69,8.90056
22.7,8.89482
22.71,8.88909
22.72,8.88336
22.73,8.87764
22.74,8.87192
22.75,8.86621
22.76,8.8605
22.77,8.8548
22.78,8.84911
22.79,8.84341
22.8,8.83773
22.81,8.83205
22.82,8.82637
22.83,8.8207
22.84,8.81503
22.85,8.80937
22.86,8.80372
22.87,8.79807
22.88,8.79242
22.89,8.78678
22.9,8.78114
22.91,8.77551
22.92,8.76989
22.93,8.76427
22.94,8.75865
22.95,8.75304
22.96,8.74743
22.97,8.74183
22.98,8.73624
22.99,8.73065
23,8.72506
23.01,8.71948
23.02,8.7139
23.03,8.70833
23.04,8.70276
23.05,8.6972
23.06,8.69164
23.07,8.68609
23.08,8.68054
23.09,8.675
23.1,8.66946
23.11,8.66393
23.12,8.6584
23.13,8.65288
23.14,8.64736
23.15,8.64185
23.16,8.63634
23.17,8.63084
23.18,8.62534
23.19,8.61984
23.2,8.61435
23.21,8.60887
23.22,8.60339
23.23,8.59791
23.24,8.59244
23.25,8.58698
23.26,8.58151
23.27,8.57606
23.28,8.57061
23.29,8.56516
23.3,8.55972
23.31,8.55428
23.32,8.54885
23.33,8.54342
23.34,8.53799
23.35,8.53257
23.36,8.52716
23.37,8.52175
23.38,8.51634
23.39,8.51094
23.4,8.50555
23.41,8.50016
23.42,8.49477
23.43,8.48939
23.44,8.48401
23.45,8.47863
23.46,8.47327
23.47,8.4679
23.48,8.46254
23.49,8.45719
23.5,8.45184
23.51,8.44649
23.52,8.44115
23.53,8.43581
23.54,8.43048
23.55,8.42515
23.56,8.41983
23.57,8.41451
23.58,8.4092
23.59,8.40388
23.6,8.39858
23.61,8.39328
23.62,8.38798
23.63,8.38269
23.64,8.3774
23.65,8.37212
23.66,8.36684
23.67,8.36156
23.68,8.35629
23.69,8.35103
23.7,8.34577
23.71,8.34051
23.72,8.33526
23.73,8.33001
23.74,8.32477
23.75,8.31953
23.76,8.31429
23.77,8.30906
23.78,8.30383
23.79,8.29861
23.8,8.29339
23.81,8.28818
23.82,8.28297
23.83,8.27777
23.84,8.27256
23.85,8.26737
23.86,8.26218
23.87,8.25699
23.88,8.25181
23.89,8.24663
23.9,8.24145
23.91,8.23628
23.92,8.23111
23.93,8.22595
23.94,8.22079
23.95,8.21564
23.96,8.21049
23.97,8.20534
23.98,8.2002
23.99,8.19507
24,8.18993
24.01,8.1848
24.02,8.17968
24.03,8.17456
24.04,8.16944
24.05,8.16433
24.06,8.15922
24.07,8.15412
24.08,8.14902
24.09,8.14392
24.1,8.13883
24.11,8.13374
24.12,8.12866
24.13,8.12358
24.14,8.11851
24.15,8.11344
24.16,8.10837
24.17,8.10331
24.18,8.09825
24.19,8.09319
24.2,8.08814
24.21,8.0831
24.22,8.07805
24.23,8.07302
24.24,8.06798
24.25,8.06295
24.26,8.05792
24.27,8.0529
24.28,8.04788
24.29,8.04287
24.3,8.03786
24.31,8.03285
24.32,8.02785
24.33,8.02285
24.34,8.01786
24.35,8.01287
24.36,8.00788
24.37,8.0029
24.38,7.99792
24.39,7.99294
24.4,7.98797
24.41,7.98301
24.42,7.97804
24.43,7.97308
24.44,7.96813
24.45,7.96318
24.46,7.95823
24.47,7.95329
24.48,7.94835
24.49,7.94341
24.5,7.93848
24.51,7.93355
24.52,7.92863
24.53,7.92371
24.54,7.91879
24.55,7.91388
24.56,7.90897
24.57,7.90407
24.58,7.89916
24.59,7.89427
24.6,7.88937
24.61,7.88448
24.62,7.8796
24.63,7.87472
24.64,7.86984
24.65,7.86496
24.66,7.86009
24.67,7.85523
24.68,7.85036
24.69,7.8455
24.7,7.84065
24.71,7.8358
24.72,7.83095
24.73,7.8261
24.74,7.82126
24.75,7.81643
24.76,7.81159
24.77,7.80676
24.78,7.80194
24.79,7.79711
24.8,7.7923
24.81,7.78748
24.82,7.78267
24.83,7.77786
24.84,7.77306
24.85,7.76826
24.86,7.76346
24.87,7.75867
24.88,7.75388
24.89,7.7491
24.9,7.74431
24.91,7.73954
24.92,7.73476
24.93,7.72999
24.94,7.72522
24.95,7.72046
24.96,7.7157
24.97,7.71094
24.98,7.70619
24.99,7.70144
25,7.69669
25.01,7.69195
25.02,7.68721
25.03,7.68248
25.04,7.67775
25.05,7.67302
25.06,7.6683
25.07,7.66357
25.08,7.65886
25.09,7.65414
25.1,7.64943
25.11,7.64473
25.12,7.64002
25.13,7.63532
25.14,7.63063
25.15,7.62594
25.16,7.62125
25.17,7.61656
25.18,7.61188
25.19,7.6072
25.2,7.60252
25.21,7.59785
25.22,7.59318
25.23,7.58852
25.24,7.58386
25.25,7.5792
25.26,7.57455
25.27,7.5699
25.28,7.56525
25.29,7.5606
25.3,7.55596
25.31,7.55133
25.32,7.54669
25.33,7.54206
25.34,7.53743
25.35,7.53281
25.36,7.52819
25.37,7.52357
25.38,7.51896
25.39,7.51435
25.4,7.50974
25.41,7.50514
25.42,7.50054
25.43,7.49594
25.44,7.49135
25.45,7.48676
25.46,7.48217
25.47,7.47759
25.48,7.47301
25.49,7.46843
25.5,7.46386
25.51,7.45929
25.52,7.45472
25.53,7.45016
25.54,7.4456
25.55,7.44104
25.56,7.43649
25.57,7.43194
25.58,7.42739
25.59,7.42285
25.6,7.41831
25.61,7.41377
25.62,7.40924
25.63,7.40471
25.64,7.40018
25.65,7.39566
25.66,7.39114
25.67,7.38662
25.68,7.3821
25.69,7.37759
25.7,7.37309
25.71,7.36858
25.72,7.36408
25.73,7.35958
25.74,7.35509
25.75,7.35059
25.76,7.34611
25.77,7.34162
25.78,7.33714
25.79,7.33266
25.8,7.32818
25.81,7.32371
25.82,7.31924
25.83,7.31477
25.84,7.31031
25.85,7.30585
25.86,7.30139
25.87,7.29694
25.88,7.29249
25.89,7.28804
25.9,7.2836
25.91,7.27916
25.92,7.27472
25.93,7.27028
25.94,7.26585
25.95,7.26142
25.96,7.257
25.97,7.25258
25.98,7.24816
25.99,7.24374
26,7.23933
26.01,7.23492
26.02,7.23051
26.03,7.22611
26.04,7.2217
26.05,7.21731
26.06,7.21291
26.07,7.20852
26.08,7.20413
26.09,7.19975
26.1,7.19536
26.11,7.19098
26.12,7.18661
26.13,7.18223
26.14,7.17786
26.15,7.1735
26.16,7.16913
26.17,7.16477
26.18,7.16041
26.19,7.15606
26.2,7.1517
26.21,7.14735
26.22,7.14301
26.23,7.13866
26.24,7.13432
26.25,7.12999
26.26,7.12565
26.27,7.12132
26.28,7.11699
26.29,7.11266
26.3,7.10834
26.31,7.10402
26.32,7.09971
26.33,7.09539
26.34,7.09108
26.35,7.08677
26.36,7.08247
26.37,7.07817
26.38,7.07387
26.39,7.06957
26.4,7.06528
26.41,7.06099
26.42,7.0567
26.43,7.05241
26.44,7.04813
26.45,7.04385
26.46,7.03958
26.47,7.0353
26.48,7.03103
26.49,7.02677
26.5,7.0225
26.51,7.01824
26.52,7.01398
26.53,7.00972
26.54,7.00547
26.55,7.00122
26.56,6.99697
26.57,6.99273
26.58,6.98849
26.59,6.98425
26.6,6.98001
26.61,6.97578
26.62,6.97155
26.63,6.96732
26.64,6.9631
26.65,6.95887
26.66,6.95465
26.67,6.95044
26.68,6.94622
26.69,6.94201
26.7,6.9378
26.71,6.9336
26.72,6.9294
26.73,6.9252
26.74,6.921
26.75,6.91681
26.76,6.91261
26.77,6.90843
26.78,6.90424
26.79,6.90006
26.8,6.89588
26.81,6.8917
26.82,6.88752
26.83,6.88335
26.84,6.87918
26.85,6.87502
26.86,6.87085
26.87,6.86669
26.88,6.86253
26.89,6.85838
26.9,6.85422
26.91,6.85007
26.92,6.84592
26.93,6.84178
26.94,6.83764
26.95,6.8335
26.96,6.82936
26.97,6.82523
26.98,6.82109
26.99,6.81697
27,6.81284
27.01,6.80872
27.02,6.80459
27.03,6.80048
27.04,6.79636
27.05,6.79225
27.06,6.78814
27.07,6.78403
27.08,6.77992
27.09,6.77582
27.1,6.77172
27.11,6.76762
27.12,6.76353
27.13,6.75944
27.14,6.75535
27.15,6.75126
27.16,6.74718
27.17,6.7431
27.18,6.73902
27.19,6.73494
27.2,6.73087
27.21,6.7268
27.22,6.72273
27.23,6.71866
27.24,6.7146
27.25,6.71054
27.26,6.70648
27.27,6.70242
27.28,6.69837
27.29,6.69432
27.3,6.69027
27.31,6.68623
27.32,6.68218
27.33,6.67814
27.34,6.67411
27.35,6.67007
27.36,6.66604
27.37,6.66201
27.38,6.65798
27.39,6.65396
27.4,6.64993
27.41,6.64591
27.42,6.6419
27.43,6.63788
27.44,6.63387
27.45,6.62986
27.46,6.62585
27.47,6.62185
27.48,6.61784
27.49,6.61384
27.5,6.60985
27.51,6.60585
27.52,6.60186
27.53,6.59787
27.54,6.59388
27.55,6.5899
27.56,6.58591
27.57,6.58193
27.58,6.57796
27.59,6.57398
27.6,6.57001
27.61,6.56604
27.62,6.56207
27.63,6.5581
27.64,6.55414
27.65,6.55018
27.66,6.54622
27.67,6.54227
27.68,6.53831
27.69,6.53436
27.7,6.53041
27.71,6.52647
27.72,6.52252
27.73,6.51858
27.74,6.51464
27.75,6.51071
27.76,6.50677
27.77,6.50284
27.78,6.49891
27.79,6.49499
27.8,6.49106
27.81,6.48714
27.82,6.48322
27.83,6.4793
27.84,6.47539
27.85,6.47147
27.86,6.46756
27.87,6.46366
27.88,6.45975
27.89,6.45585
27.9,6.45195
27.91,6.44805
27.92,6.44415
27.93,6.44026
27.94,6.43637
27.95,6.43248
27.96,6.42859
27.97,6.42471
27.98,6.42083
27.99,6.41695
28,6.41307
28.01,6.40919
28.02,6.40532
28.03,6.40145
28.04,6.39758
28.05,6.39372
28.06,6.38985
28.07,6.38599
28.08,6.38213
28.09,6.37828
28.1,6.37442
28.11,6.37057
28.12,6.36672
28.13,6.36287
28.14,6.35903
28.15,6.35518
28.16,6.35134
28.17,6.3475
28.18,6.34367
28.19,6.33983
28.2,6.336
28.21,6.33217
28.22,6.32835
28.23,6.32452
28.24,6.3207
28.25,6.31688
28.26,6.31306
28.27,6.30924
28.28,6.30543
28.29,6.30162
28.3,6.29781
28.31,6.294
28.32,6.2902
28.33,6.28639
28.34,6.28259
28.35,6.2788
28.36,6.275
28.37,6.27121
28.38,6.26741
28.39,6.26363
28.4,6.25984
28.41,6.25605
28.42,6.25227
28.43,6.24849
28.44,6.24471
28.45,6.24094
28.46,6.23716
28.47,6.23339
28.48,6.22962
28.49,6.22585
28.5,6.22209
28.51,6.21832
28.52,6.21456
28.53,6.2108
28.54,6.20705
28.55,6.20329
28.56,6.19954
28.57,6.19579
28.58,6.19204
28.59,6.1883
28.6,6.18455
28.61,6.18081
28.62,6.17707
28.63,6.17333
28.64,6.1696
28.65,6.16586
28.66,6.16213
28.67,6.1584
28.68,6.15468
28.69,6.15095
28.7,6.14723
28.71,6.14351
28.72,6.13979
28.73,6.13608
28.74,6.13236
28.75,6.12865
28.76,6.12494
28.77,6.12123
28.78,6.11753
28.79,6.11382
28.8,6.11012
28.81,6.10642
28.82,6.10272
28.83,6.09903
28.84,6.09533
28.85,6.09164
28.86,6.08795
28.87,6.08427
28.88,6.08058
28.89,6.0769
28.9,6.07322
28.91,6.06954
28.92,6.06586
28.93,6.06219
28.94,6.05851
28.95,6.05484
28.96,6.05117
28.97,6.04751
28.98,6.04384
28.99,6.04018
29,6.03652
29.01,6.03286
29.02,6.0292
29.03,6.02555
29.04,6.0219
29.05,6.01825
29.06,6.0146
29.07,6.01095
29.08,6.00731
29.09,6.00366
29.1,6.00002
29.11,5.99639
29.12,5.99275
29.13,5.98911
29.14,5.98548
29.15,5.98185
29.16,5.97822
29.17,5.9746
29.18,5.97097
29.19,5.96735
29.2,5.96373
29.21,5.96011
29.22,5.95649
29.23,5.95288
29.24,5.94927
29.25,5.94565
29.26,5.94205
29.27,5.93844
29.28,5.93483
29.29,5.93123
29.3,5.92763
29.31,5.92403
29.32,5.92043
29.33,5.91684
29.34,5.91325
29.35,5.90965
29.36,5.90606
29.37,5.90248
29.38,5.89889
29.39,5.89531
29.4,5.89173
29.41,5.88815
29.42,5.88457
29.43,5.88099
29.44,5.87742
29.45,5.87385
29.46,5.87028
29.47,5.86671
29.48,5.86314
29.49,5.85958
29.5,5.85601
29.51,5.85245
29.52,5.84889
29.53,5.84534
29.54,5.84178
29.55,5.83823
29.56,5.83468
29.57,5.83113
29.58,5.82758
29.59,5.82404
29.6,5.82049
29.61,5.81695
29.62,5.81341
29.63,5.80987
29.64,5.80633
29.65,5.8028
29.66,5.79927
29.67,5.79574
29.68,5.79221
29.69,5.78868
29.7,5.78516
29.71,5.78163
29.72,5.77811
29.73,5.77459
29.74,5.77107
29.75,5.76756
29.76,5.76404
29.77,5.76053
29.78,5.75702
29.79,5.75351
29.8,5.75
29.81,5.7465
29.82,5.743
29.83,5.73949
29.84,5.736
29.85,5.7325
29.86,5.729
29.87,5.72551
29.88,5.72201
29.89,5.71852
29.9,5.71504
29.91,5.71155
29.92,5.70806
29.93,5.70458
29.94,5.7011
29.95,5.69762
29.96,5.69414
29.97,5.69066
29.98,5.68719
29.99,5.68372
30,5.68025
30.01,5.67678
30.02,5.67331
30.03,5.66984
30.04,5.66638
30.05,5.66292
30.06,5.65946
30.07,5.656
30.08,5.65254
30.09,5.64909
30.1,5.64563
30.11,5.64218
30.12,5.63873
30.13,5.63528
30.14,5.63184
30.15,5.62839
30.16,5.62495
30.17,5.62151
30.18,5.61807
30.19,5.61463
30.2,5.6112
30.21,5.60776
30.22,5.60433
30.23,5.6009
30.24,5.59747
30.25,5.59404
30.26,5.59062
30.27,5.58719
30.28,5.58377
30.29,5.58035
30.3,5.57693
30.31,5.57352
30.32,5.5701
30.33,5.56669
30.34,5.56328
30.35,5.55987
30.36,5.55646
30.37,5.55305
30.38,5.54965
30.39,5.54624
30.4,5.54284
30.41,5.53944
30.42,5.53604
30.43,5.53265
30.44,5.52925
30.45,5.52586
30.46,5.52247
30.47,5.51908
30.48,5.51569
30.49,5.5123
30.5,5.50892
30.51,5.50553
30.52,5.50215
30.53,5.49877
30.54,5.49539
30.55,5.49202
30.56,5.48864
30.57,5.48527
30.58,5.4819
30.59,5.47853
30.6,5.47516
30.61,5.47179
30.62,5.46843
30.63,5.46506
30.64,5.4617
30.65,5.45834
30.66,5.45498
30.67,5.45163
30.68,5.44827
30.69,5.44492
30.7,5.44157
30.71,5.43821
30.72,5.43487
30.73,5.43152
30.74,5.42817
30.75,5.42483
30.76,5.42149
30.77,5.41815
30.78,5.41481
30.79,5.41147
30.8,5.40813
30.81,5.4048
30.82,5.40147
30.83,5.39814
30.84,5.39481
30.85,5.39148
30.86,5.38815
30.87,5.38483
30.88,5.3815
30.89,5.37818
30.9,5.37486
30.91,5.37154
30.92,5.36823
30.93,5.36491
30.94,5.3616
30.95,5.35829
30.96,5.35498
30.97,5.35167
30.98,5.34836
30.99,5.34505
31,5.34175
31.01,5.33845
31.02,5.33515
31.03,5.33185
31.04,5.32855
31.05,5.32525
31.06,5.32196
31.07,5.31866
31.08,5.31537
31.09,5.31208
31.1,5.30879
31.11,5.30551
31.12,5.30222
31.13,5.29894
31.14,5.29565
31.15,5.29237
31.16,5.28909
31.17,5.28582
31.18,5.28254
31.19,5.27927
31.2,5.27599
31.21,5.27272
31.22,5.26945
31.23,5.26618
31.24,5.26291
31.25,5.25965
31.26,5.25638
31.27,5.25312
31.28,5.24986
31.29,5.2466
31.3,5.24334
31.31,5.24009
31.32,5.23683
31.33,5.23358
31.34,5.23032
31.35,5.22707
31.36,5.22382
31.37,5.22058
31.38,5.21733
31.39,5.21409
31.4,5.21084
31.41,5.2076
31.42,5.20436
31.43,5.20112
31.44,5.19788
31.45,5.19465
31.46,5.19141
31.47,5.18818
31.48,5.18495
31.49,5.18172
31.5,5.17849
31.51,5.17527
31.52,5.17204
31.53,5.16882
31.54,5.16559
31.55,5.16237
31.56,5.15915
31.57,5.15593
31.58,5.15272
31.59,5.1495
31.6,5.14629
31.61,5.14308
31.62,5.13987
31.63,5.13666
31.64,5.13345
31.65,5.13024
31.66,5.12704
31.67,5.12383
31.68,5.12063
31.69,5.11743
31.7,5.11423
31.71,5.11103
31.72,5.10784
31.73,5.10464
31.74,5.10145
31.75,5.09825
31.76,5.09506
31.77,5.09187
31.78,5.08869
31.79,5.0855
31.8,5.08232
31.81,5.07913
31.82,5.07595
31.83,5.07277
31.84,5.06959
31.85,5.06641
31.86,5.06323
31.87,5.06006
31.88,5.05689
31.89,5.05371
31.9,5.05054
31.91,5.04737
31.92,5.0442
31.93,5.04104
31.94,5.03787
31.95,5.03471
31.96,5.03154
31.97,5.02838
31.98,5.02522
31.99,5.02207
32,5.01891
32.01,5.01575
32.02,5.0126
32.03,5.00944
32.04,5.00629
32.05,5.00314
32.06,4.99999
32.07,4.99685
32.08,4.9937
32.09,4.99056
32.1,4.98741
32.11,4.98427
32.12,4.98113
32.13,4.97799
32.14,4.97485
32.15,4.97172
32.16,4.96858
32.17,4.96545
32.18,4.96231
32.19,4.95918
32.2,4.95605
32.21,4.95292
32.22,4.9498
32.23,4.94667
32.24,4.94355
32.25,4.94042
32.26,4.9373
32.27,4.93418
32.28,4.93106
32.29,4.92795
32.3,4.92483
32.31,4.92171
32.32,4.9186
32.33,4.91549
32.34,4.91238
32.35,4.90927
32.36,4.90616
32.37,4.90305
32.38,4.89995
32.39,4.89684
32.4,4.89374
32.41,4.89064
32.42,4.88754
32.43,4.88444
32.44,4.88134
32.45,4.87824
32.46,4.87515
32.47,4.87205
32.48,4.86896
32.49,4.86587
32.5,4.86278
32.51,4.85969
32.52,4.8566
32.53,4.85352
32.54,4.85043
32.55,4.84735
32.56,4.84427
32.57,4.84119
32.58,4.83811
32.59,4.83503
32.6,4.83195
32.61,4.82887
32.62,4.8258
32.63,4.82273
32.64,4.81966
32.65,4.81658
32.66,4.81352
32.67,4.81045
32.68,4.80738
32.69,4.80431
32.7,4.80125
32.71,4.79819
32.72,4.79513
32.73,4.79207
32.74,4.78901
32.75,4.78595
32.76,4.78289
32.77,4.77984
32.78,4.77678
32.79,4.77373
32.8,4.77068
32.81,4.76763
32.82,4.76458
32.83,4.76153
32.84,4.75848
32.85,4.75544
32.86,4.75239
32.87,4.74935
32.88,4.74631
32.89,4.74327
32.9,4.74023
32.91,4.73719
32.92,4.73415
32.93,4.73112
32.94,4.72809
32.95,4.72505
32.96,4.72202
32.97,4.71899
32.98,4.71596
32.99,4.71293
33,4.70991
33.01,4.70688
33.02,4.70386
33.03,4.70083
33.04,4.69781
33.05,4.69479
33.06,4.69177
33.07,4.68875
33.08,4.68574
33.09,4.68272
33.1,4.67971
33.11,4.67669
33.12,4.67368
33.13,4.67067
33.14,4.66766
33.15,4.66465
33.16,4.66164
33.17,4.65864
33.18,4.65563
33.19,4.65263
33.2,4.64963
33.21,4.64662
33.22,4.64362
33.23,4.64063
33.24,4.63763
33.25,4.63463
33.26,4.63164
33.27,4.62864
33.28,4.62565
33.29,4.62266
33.3,4.61967
33.31,4.61668
33.32,4.61369
33.33,4.6107
33.34,4.60772
33.35,4.60473
33.36,4.60175
33.37,4.59877
33.38,4.59578
33.39,4.5928
33.4,4.58983
33.41,4.58685
33.42,4.58387
33.43,4.5809
33.44,4.57792
33.45,4.57495
33.46,4.57198
33.47,4.56901
33.48,4.56604
33.49,4.56307
33.5,4.5601
33.51,4.55714
33.52,4.55417
33.53,4.55121
33.54,4.54824
33.55,4.54528
33.56,4.54232
33.57,4.53936
33.58,4.53641
33.59,4.53345
33.6,4.53049
33.61,4.52754
33.62,4.52459
33.63,4.52163
33.64,4.51868
33.65,4.51573
33.66,4.51278
33.67,4.50984
33.68,4.50689
33.69,4.50394
33.7,4.501
33.71,4.49806
33.72,4.49512
33.73,4.49217
33.74,4.48923
33.75,4.4863
33.76,4.48336
33.77,4.48042
33.78,4.47749
33.79,4.47455
33.8,4.47162
33.81,4.46869
33.82,4.46576
33.83,4.46283
33.84,4.4599
33.85,4.45697
33.86,4.45405
33.87,4.45112
33.88,4.4482
33.89,4.44527
33.9,4.44235
33.91,4.43943
33.92,4.43651
33.93,4.43359
33.94,4.43068
33.95,4.42776
33.96,4.42484
33.97,4.42193
33.98,4.41902
33.99,4.4161
34,4.41319
34.01,4.41028
34.02,4.40738
34.03,4.40447
34.04,4.40156
34.05,4.39866
34.06,4.39575
34.07,4.39285
34.08,4.38995
34.09,4.38705
34.1,4.38415
34.11,4.38125
34.12,4.37835
34.13,4.37545
34.14,4.37256
34.15,4.36966
34.16,4.36677
34.17,4.36388
34.18,4.36099
34.19,4.35809
34.2,4.35521
34.21,4.35232
34.22,4.34943
34.23,4.34654
34.24,4.34366
34.25,4.34078
34.26,4.33789
34.27,4.33501
34.28,4.33213
34.29,4.32925
34.3,4.32637
34.31,4.3235
34.32,4.32062
34.33,4.31774
34.34,4.31487
34.35,4.312
34.36,4.30912
34.37,4.30625
34.38,4.30338
34.39,4.30051
34.4,4.29765
34.41,4.29478
34.42,4.29191
34.43,4.28905
34.44,4.28618
34.45,4.28332
34.46,4.28046
34.47,4.2776
34.48,4.27474
34.49,4.27188
34.5,4.26902
34.51,4.26617
34.52,4.26331
34.53,4.26046
34.54,4.2576
34.55,4.25475
34.56,4.2519
34.57,4.24905
34.58,4.2462
34.59,4.24335
34.6,4.2405
34.61,4.23766
34.62,4.23481
34.63,4.23197
34.64,4.22913
34.65,4.22628
34.66,4.22344
34.67,4.2206
34.68,4.21776
34.69,4.21493
34.7,4.21209
34.71,4.20925
34.72,4.20642
34.73,4.20358
34.74,4.20075
34.75,4.19792
34.76,4.19509
34.77,4.19226
34.78,4.18943
34.79,4.1866
34.8,4.18377
34.81,4.18095
34.82,4.17812
34.83,4.1753
34.84,4.17248
34.85,4.16965
34.86,4.16683
34.87,4.16401
34.88,4.16119
34.89,4.15838
34.9,4.15556
34.91,4.15274
34.92,4.14993
34.93,4.14711
34.94,4.1443
34.95,4.14149
34.96,4.13868
34.97,4.13587
34.98,4.13306
34.99,4.13025
35,4.12744
35.01,4.12464
35.02,4.12183
35.03,4.11903
35.04,4.11622
35.05,4.11342
35.06,4.11062
35.07,4.10782
35.08,4.10502
35.09,4.10222
35.1,4.09942
35.11,4.09663
35.12,4.09383
35.13,4.09104
35.14,4.08824
35.15,4.08545
35.16,4.08266
35.17,4.07987
35.18,4.07708
35.19,4.07429
35.2,4.0715
35.21,4.06872
35.22,4.06593
35.23,4.06315
35.24,4.06036
35.25,4.05758
35.26,4.0548
35.27,4.05202
35.28,4.04924
35.29,4.04646
35.3,4.04368
35.31,4.0409
35.32,4.03813
35.33,4.03535
35.34,4.03258
35.35,4.0298
35.36,4.02703
35.37,4.02426
35.38,4.02149
35.39,4.01872
35.4,4.01595
35.41,4.01318
35.42,4.01041
35.43,4.00765
35.44,4.00488
35.45,4.00212
35.46,3.99936
35.47,3.99659
35.48,3.99383
35.49,3.99107
35.5,3.98831
35.51,3.98556
35.52,3.9828
35.53,3.98004
35.54,3.97729
35.55,3.97453
35.56,3.97178
35.57,3.96902
35.58,3.96627
35.59,3.96352
35.6,3.96077
35.61,3.95802
35.62,3.95527
35.63,3.95253
35.64,3.94978
35.65,3.94703
35.66,3.94429
35.67,3.94155
35.68,3.9388
35.69,3.93606
35.7,3.93332
35.71,3.93058
35.72,3.92784
35.73,3.9251
35.74,3.92237
35.75,3.91963
35.76,3.91689
35.77,3.91416
35.78,3.91143
35.79,3.90869
35.8,3.90596
35.81,3.90323
35.82,3.9005
35.83,3.89777
35.84,3.89504
35.85,3.89231
35.86,3.88959
35.87,3.88686
35.88,3.88414
35.89,3.88141
35.9,3.87869
35.91,3.87597
35.92,3.87325
35.93,3.87053
35.94,3.86781
35.95,3.86509
35.96,3.86237
35.97,3.85966
35.98,3.85694
35.99,3.85422
36,3.85151
36.01,3.8488
36.02,3.84609
36.03,3.84337
36.04,3.84066
36.05,3.83795
36.06,3.83525
36.07,3.83254
36.08,3.82983
36.09,3.82712
36.1,3.82442
36.11,3.82171
36.12,3.81901
36.13,3.81631
36.14,3.81361
36.15,3.81091
36.16,3.80821
36.17,3.80551
36.18,3.80281
36.19,3.80011
36.2,3.79741
36.21,3.79472
36.22,3.79202
36.23,3.78933
36.24,3.78664
36.25,3.78394
36.26,3.78125
36.27,3.77856
36.28,3.77587
36.29,3.77318
36.3,3.7705
36.31,3.76781
36.32,3.76512
36.33,3.76244
36.34,3.75975
36.35,3.75707
36.36,3.75439
36.37,3.7517
36.38,3.74902
36.39,3.74634
36.4,3.74366
36.41,3.74099
36.42,3.73831
36.43,3.73563
36.44,3.73295
36.45,3.73028
36.46,3.7276
36.47,3.72493
36.48,3.72226
36.49,3.71959
36.5,3.71692
36.51,3.71425
36.52,3.71158
36.53,3.70891
36.54,3.70624
36.55,3.70357
36.56,3.70091
36.57,3.69824
36.58,3.69558
36.59,3.69291
36.6,3.69025
36.61,3.68759
36.62,3.68493
36.63,3.68227
36.64,3.67961
36.65,3.67695
36.66,3.67429
36.67,3.67164
36.68,3.66898
36.69,3.66633
36.7,3.66367
36.71,3.66102
36.72,3.65837
36.73,3.65571
36.74,3.65306
36.75,3.65041
36.76,3.64776
36.77,3.64511
36.78,3.64247
36.79,3.63982
36.8,3.63717
36.81,3.63453
36.82,3.63188
36.83,3.62924
36.84,3.6266
36.85,3.62395
36.86,3.62131
36.87,3.61867
36.88,3.61603
36.89,3.61339
36.9,3.61076
36.91,3.60812
36.92,3.60548
36.93,3.60285
36.94,3.60021
36.95,3.59758
36.96,3.59495
36.97,3.59231
36.98,3.58968
36.99,3.58705
37,3.58442
37.01,3.58179
37.02,3.57916
37.03,3.57653
37.04,3.57391
37.05,3.57128
37.06,3.56866
37.07,3.56603
37.08,3.56341
37.09,3.56079
37.1,3.55816
37.11,3.55554
37.12,3.55292
37.13,3.5503
37.14,3.54768
37.15,3.54507
37.16,3.54245
37.17,3.53983
37.18,3.53722
37.19,3.5346
37.2,3.53199
37.21,3.52937
37.22,3.52676
37.23,3.52415
37.24,3.52154
37.25,3.51893
37.26,3.51632
37.27,3.51371
37.28,3.5111
37.29,3.50849
37.3,3.50589
37.31,3.50328
37.32,3.50068
37.33,3.49807
37.34,3.49547
37.35,3.49287
37.36,3.49027
37.37,3.48767
37.38,3.48507
37.39,3.48247
37.4,3.47987
37.41,3.47727
37.42,3.47467
37.43,3.47208
37.44,3.46948
37.45,3.46689
37.46,3.46429
37.47,3.4617
37.48,3.45911
37.49,3.45651
37.5,3.45392
37.51,3.45133
37.52,3.44874
37.53,3.44615
37.54,3.44357
37.55,3.44098
37.56,3.43839
37.57,3.43581
37.58,3.43322
37.59,3.43064
37.6,3.42805
37.61,3.42547
37.62,3.42289
37.63,3.42031
37.64,3.41773
37.65,3.41515
37.66,3.41257
37.67,3.40999
37.68,3.40741
37.69,3.40484
37.7,3.40226
37.71,3.39969
37.72,3.39711
37.73,3.39454
37.74,3.39197
37.75,3.38939
37.76,3.38682
37.77,3.38425
37.78,3.38168
37.79,3.37911
37.8,3.37654
37.81,3.37398
37.82,3.37141
37.83,3.36884
37.84,3.36628
37.85,3.36371
37.86,3.36115
37.87,3.35859
37.88,3.35602
37.89,3.35346
37.9,3.3509
37.91,3.34834
37.92,3.34578
37.93,3.34322
37.94,3.34066
37.95,3.33811
37.96,3.33555
37.97,3.33299
37.98,3.33044
37.99,3.32788
38,3.32533
38.01,3.32278
38.02,3.32023
38.03,3.31767
38.04,3.31512
38.05,3.31257
38.06,3.31002
38.07,3.30747
38.08,3.30493
38.09,3.30238
38.1,3.29983
38.11,3.29729
38.12,3.29474
38.13,3.2922
38.14,3.28965
38.15,3.28711
38.16,3.28457
38.17,3.28203
38.18,3.27949
38.19,3.27695
38.2,3.27441
38.21,3.27187
38.22,3.26933
38.23,3.26679
38.24,3.26426
38.25,3.26172
38.26,3.25919
38.27,3.25665
38.28,3.25412
38.29,3.25159
38.3,3.24905
38.31,3.24652
38.32,3.24399
38.33,3.24146
38.34,3.23893
38.35,3.2364
38.36,3.23388
38.37,3.23135
38.38,3.22882
38.39,3.2263
38.4,3.22377
38.41,3.22125
38.42,3.21872
38.43,3.2162
38.44,3.21368
38.45,3.21116
38.46,3.20863
38.47,3.20611
38.48,3.20359
38.49,3.20108
38.5,3.19856
38.51,3.19604
38.52,3.19352
38.53,3.19101
38.54,3.18849
38.55,3.18598
38.56,3.18346
38.57,3.18095
38.58,3.17844
38.59,3.17592
38.6,3.17341
38.61,3.1709
38.62,3.16839
38.63,3.16588
38.64,3.16338
38.65,3.16087
38.66,3.15836
38.67,3.15585
38.68,3.15335
38.69,3.15084
38.7,3.14834
38.71,3.14584
38.72,3.14333
38.73,3.14083
38.74,3.13833
38.75,3.13583
38.76,3.13333
38.77,3.13083
38.78,3.12833
38.79,3.12583
38.8,3.12333
38.81,3.12084
38.82,3.11834
38.83,3.11584
38.84,3.11335
38.85,3.11086
38.86,3.10836
38.87,3.10587
38.88,3.10338
38.89,3.10089
38.9,3.09839
38.91,3.0959
38.92,3.09341
38.93,3.09093
38.94,3.08844
38.95,3.08595
38.96,3.08346
38.97,3.08098
38.98,3.07849
38.99,3.07601
39,3.07352
39.01,3.07104
39.02,3.06856
39.03,3.06607
39.04,3.06359
39.05,3.06111
39.06,3.05863
39.07,3.05615
39.08,3.05367
39.09,3.0512
39.1,3.04872
39.11,3.04624
39.12,3.04376
39.13,3.04129
39.14,3.03881
39.15,3.03634
39.16,3.03387
39.17,3.03139
39.18,3.02892
39.19,3.02645
39.2,3.02398
39.21,3.02151
39.22,3.01904
39.23,3.01657
39.24,3.0141
39.25,3.01163
39.26,3.00917
39.27,3.0067
39.28,3.00424
39.29,3.00177
39.3,2.99931
39.31,2.99684
39.32,2.99438
39.33,2.99192
39.34,2.98945
39.35,2.98699
39.36,2.98453
39.37,2.98207
39.38,2.97961
39.39,2.97716
39.4,2.9747
39.41,2.97224
39.42,2.96978
39.43,2.96733
39.44,2.96487
39.45,2.96242
39.46,2.95996
39.47,2.95751
39.48,2.95506
39.49,2.9526
39.5,2.95015
39.51,2.9477
39.52,2.94525
39.53,2.9428
39.54,2.94035
39.55,2.93791
39.56,2.93546
39.57,2.93301
39.58,2.93056
39.59,2.92812
39.6,2.92567
39.61,2.92323
39.62,2.92078
39.63,2.91834
39.64,2.9159
39.65,2.91346
39.66,2.91102
39.67,2.90857
39.68,2.90613
39.69,2.9037
39.7,2.90126
39.71,2.89882
39.72,2.89638
39.73,2.89394
39.74,2.89151
39.75,2.88907
39.76,2.88664
39.77,2.8842
39.78,2.88177
39.79,2.87934
39.8,2.8769
39.81,2.87447
39.82,2.87204
39.83,2.86961
39.84,2.86718
39.85,2.86475
39.86,2.86232
39.87,2.85989
39.88,2.85746
39.89,2.85504
39.9,2.85261
39.91,2.85019
39.92,2.84776
39.93,2.84534
39.94,2.84291
39.95,2.84049
39.96,2.83807
39.97,2.83564
39.98,2.83322
39.99,2.8308
40,2.82838
40.01,2.82596
40.02,2.82354
40.03,2.82112
40.04,2.81871
40.05,2.81629
40.06,2.81387
40.07,2.81146
40.08,2.80904
40.09,2.80663
40.1,2.80421
40.11,2.8018
40.12,2.79939
40.13,2.79697
40.14,2.79456
40.15,2.79215
40.16,2.78974
40.17,2.78733
40.18,2.78492
40.19,2.78251
40.2,2.78011
40.21,2.7777
40.22,2.77529
40.23,2.77288
40.24,2.77048
40.25,2.76807
40.26,2.76567
40.27,2.76327
40.28,2.76086
40.29,2.75846
40.3,2.75606
40.31,2.75366
40.32,2.75126
40.33,2.74886
40.34,2.74646
40.35,2.74406
40.36,2.74166
40.37,2.73926
40.38,2.73686
40.39,2.73447
40.4,2.73207
40.41,2.72968
40.42,2.72728
40.43,2.72489
40.44,2.72249
40.45,2.7201
40.46,2.71771
40.47,2.71532
40.48,2.71292
40.49,2.71053
40.5,2.70814
40.51,2.70575
40.52,2.70337
40.53,2.70098
40.54,2.69859
40.55,2.6962
40.56,2.69382
40.57,2.69143
40.58,2.68904
40.59,2.68666
40.6,2.68427
40.61,2.68189
40.62,2.67951
40.63,2.67713
40.64,2.67474
40.65,2.67236
40.66,2.66998
40.67,2.6676
40.68,2.66522
40.69,2.66284
40.7,2.66046
40.71,2.65809
40.72,2.65571
40.73,2.65333
40.74,2.65096
40.75,2.64858
40.76,2.64621
40.77,2.64383
40.78,2.64146
40.79,2.63909
40.8,2.63671
40.81,2.63434
40.82,2.63197
40.83,2.6296
40.84,2.62723
40.85,2.62486
40.86,2.62249
40.87,2.62012
40.88,2.61775
40.89,2.61539
40.9,2.61302
40.91,2.61065
40.92,2.60829
40.93,2.60592
40.94,2.60356
40.95,2.60119
40.96,2.59883
40.97,2.59647
40.98,2.59411
40.99,2.59174
41,2.58938
41.01,2.58702
41.02,2.58466
41.03,2.5823
41.04,2.57994
41.05,2.57759
41.06,2.57523
41.07,2.57287
41.08,2.57051
41.09,2.56816
41.1,2.5658
41.11,2.56345
41.12,2.56109
41.13,2.55874
41.14,2.55639
41.15,2.55403
41.16,2.55168
41.17,2.54933
41.18,2.54698
41.19,2.54463
41.2,2.54228
41.21,2.53993
41.22,2.53758
41.23,2.53523
41.24,2.53289
41.25,2.53054
41.26,2.52819
41.27,2.52585
41.28,2.5235
41.29,2.52116
41.3,2.51881
41.31,2.51647
41.32,2.51413
41.33,2.51178
41.34,2.50944
41.35,2.5071
41.36,2.50476
41.37,2.50242
41.38,2.50008
41.39,2.49774
41.4,2.4954
41.41,2.49306
41.42,2.49073
41.43,2.48839
41.44,2.48605
41.45,2.48372
41.46,2.48138
41.47,2.47905
41.48,2.47671
41.49,2.47438
41.5,2.47204
41.51,2.46971
41.52,2.46738
41.53,2.46505
41.54,2.46272
41.55,2.46039
41.56,2.45806
41.57,2.45573
41.58,2.4534
41.59,2.45107
41.6,2.44874
41.61,2.44642
41.62,2.44409
41.63,2.44176
41.64,2.43944
41.65,2.43711
41.66,2.43479
41.67,2.43247
41.68,2.43014
41.69,2.42782
41.7,2.4255
41.71,2.42318
41.72,2.42085
41.73,2.41853
41.74,2.41621
41.75,2.41389
41.76,2.41158
41.77,2.40926
41.78,2.40694
41.79,2.40462
41.8,2.4023
41.81,2.39999
41.82,2.39767
41.83,2.39536
41.84,2.39304
41.85,2.39073
41.86,2.38842
41.87,2.3861
41.88,2.38379
41.89,2.38148
41.9,2.37917
41.91,2.37686
41.92,2.37455
41.93,2.37224
41.94,2.36993
41.95,2.36762
41.96,2.36531
41.97,2.363
41.98,2.36069
41.99,2.35839
42,2.35608
42.01,2.35378
42.02,2.35147
42.03,2.34917
42.04,2.34686
42.05,2.34456
42.06,2.34226
42.07,2.33995
42.08,2.33765
42.09,2.33535
42.1,2.33305
42.11,2.33075
42.12,2.32845
42.13,2.32615
42.14,2.32385
42.15,2.32155
42.16,2.31926
42.17,2.31696
42.18,2.31466
42.19,2.31237
42.2,2.31007
42.21,2.30778
42.22,2.30548
42.23,2.30319
42.24,2.3009
42.25,2.2986
42.26,2.29631
42.27,2.29402
42.28,2.29173
42.29,2.28944
42.3,2.28715
42.31,2.28486
42.32,2.28257
42.33,2.28028
42.34,2.27799
42.35,2.2757
42.36,2.27342
42.37,2.27113
42.38,2.26884
42.39,2.26656
42.4,2.26427
42.41,2.26199
42.42,2.2597
42.43,2.25742
42.44,2.25514
42.45,2.25285
42.46,2.25057
42.47,2.24829
42.48,2.24601
42.49,2.24373
42.5,2.24145
42.51,2.23917
42.52,2.23689
42.53,2.23461
42.54,2.23234
42.55,2.23006
42.56,2.22778
42.57,2.22551
42.58,2.22323
42.59,2.22096
42.6,2.21868
42.61,2.21641
42.62,2.21413
42.63,2.21186
42.64,2.20959
42.65,2.20731
42.66,2.20504
42.67,2.20277
42.68,2.2005
42.69,2.19823
42.7,2.19596
42.71,2.19369
42.72,2.19142
42.73,2.18916
42.74,2.18689
42.75,2.18462
42.76,2.18236
42.77,2.18009
42.78,2.17782
42.79,2.17556
42.8,2.17329
42.81,2.17103
42.82,2.16877
42.83,2.1665
42.84,2.16424
42.85,2.16198
42.86,2.15972
42.87,2.15746
42.88,2.1552
42.89,2.15294
42.9,2.15068
42.91,2.14842
42.92,2.14616
42.93,2.1439
42.94,2.14165
42.95,2.13939
42.96,2.13713
42.97,2.13488
42.98,2.13262
42.99,2.13037
43,2.12811
43.01,2.12586
43.02,2.1236
43.03,2.12135
43.04,2.1191
43.05,2.11685
43.06,2.1146
43.07,2.11235
43.08,2.1101
43.09,2.10785
43.1,2.1056
43.11,2.10335
43.12,2.1011
43.13,2.09885
43.14,2.0966
43.15,2.09436
43.16,2.09211
43.17,2.08986
43.18,2.08762
43.19,2.08537
43.2,2.08313
43.21,2.08089
43.22,2.07864
43.23,2.0764
43.24,2.07416
43.25,2.07192
43.26,2.06968
43.27,2.06743
43.28,2.06519
43.29,2.06295
43.3,2.06071
43.31,2.05848
43.32,2.05624
43.33,2.054
43.34,2.05176
43.35,2.04953
43.36,2.04729
43.37,2.04505
43.38,2.04282
43.39,2.04058
43.4,2.03835
43.41,2.03612
43.42,2.03388
43.43,2.03165
43.44,2.02942
43.45,2.02718
43.46,2.02495
43.47,2.02272
43.48,2.02049
43.49,2.01826
43.5,2.01603
43.51,2.0138
43.52,2.01158
43.53,2.00935
43.54,2.00712
43.55,2.00489
43.56,2.00267
43.57,2.00044
43.58,1.99822
43.59,1.99599
43.6,1.99377
43.61,1.99154
43.62,1.98932
43.63,1.9871
43.64,1.98487
43.65,1.98265
43.66,1.98043
43.67,1.97821
43.68,1.97599
43.69,1.97377
43.7,1.97155
43.71,1.96933
43.72,1.96711
43.73,1.96489
43.74,1.96268
43.75,1.96046
43.76,1.95824
43.77,1.95603
43.78,1.95381
43.79,1.9516
43.8,1.94938
43.81,1.94717
43.82,1.94495
43.83,1.94274
43.84,1.94053
43.85,1.93831
43.86,1.9361
43.87,1.93389
43.88,1.93168
43.89,1.92947
43.9,1.92726
43.91,1.92505
43.92,1.92284
43.93,1.92064
43.94,1.91843
43.95,1.91622
43.96,1.91401
43.97,1.91181
43.98,1.9096
43.99,1.9074
44,1.90519
44.01,1.90299
44.02,1.90078
44.03,1.89858
44.04,1.89638
44.05,1.89417
44.06,1.89197
44.07,1.88977
44.08,1.88757
44.09,1.88537
44.1,1.88317
44.11,1.88097
44.12,1.87877
44.13,1.87657
44.14,1.87438
44.15,1.87218
44.16,1.86998
44.17,1.86778
44.18,1.86559
44.19,1.86339
44.2,1.8612
44.21,1.859
44.22,1.85681
44.23,1.85462
44.24,1.85242
44.25,1.85023
44.26,1.84804
44.27,1.84585
44.28,1.84366
44.29,1.84147
44.3,1.83928
44.31,1.83709
44.32,1.8349
44.33,1.83271
44.34,1.83052
44.35,1.82833
44.36,1.82615
44.37,1.82396
44.38,1.82177
44.39,1.81959
44.4,1.8174
44.41,1.81522
44.42,1.81303
44.43,1.81085
44.44,1.80867
44.45,1.80648
44.46,1.8043
44.47,1.80212
44.48,1.79994
44.49,1.79776
44.5,1.79558
44.51,1.7934
44.52,1.79122
44.53,1.78904
44.54,1.78686
44.55,1.78468
44.56,1.78251
44.57,1.78033
44.58,1.77815
44.59,1.77598
44.6,1.7738
44.61,1.77163
44.62,1.76945
44.63,1.76728
44.64,1.76511
44.65,1.76293
44.66,1.76076
44.67,1.75859
44.68,1.75642
44.69,1.75425
44.7,1.75208
44.71,1.74991
44.72,1.74774
44.73,1.74557
44.74,1.7434
44.75,1.74123
44.76,1.73906
44.77,1.7369
44.78,1.73473
44.79,1.73257
44.8,1.7304
44.81,1.72823
44.82,1.72607
44.83,1.72391
44.84,1.72174
44.85,1.71958
44.86,1.71742
44.87,1.71526
44.88,1.7131
44.89,1.71093
44.9,1.70877
44.91,1.70661
44.92,1.70445
44.93,1.7023
44.94,1.70014
44.95,1.69798
44.96,1.69582
44.97,1.69367
44.98,1.69151
44.99,1.68935
45,1.6872
45.01,1.68504
45.02,1.68289
45.03,1.68074
45.04,1.67858
45.05,1.67643
45.06,1.67428
45.07,1.67213
45.08,1.66997
45.09,1.66782
45.1,1.66567
45.11,1.66352
45.12,1.66137
45.13,1.65923
45.14,1.65708
45.15,1.65493
45.16,1.65278
45.17,1.65064
45.18,1.64849
45.19,1.64635
45.2,1.6442
45.21,1.64206
45.22,1.63991
45.23,1.63777
45.24,1.63563
45.25,1.63348
45.26,1.63134
45.27,1.6292
45.28,1.62706
45.29,1.62492
45.3,1.62278
45.31,1.62064
45.32,1.6185
45.33,1.61636
45.34,1.61422
45.35,1.61209
45.36,1.60995
45.37,1.60781
45.38,1.60568
45.39,1.60354
45.4,1.60141
45.41,1.59928
45.42,1.59714
45.43,1.59501
45.44,1.59288
45.45,1.59075
45.46,1.58861
45.47,1.58648
45.48,1.58435
45.49,1.58222
45.5,1.58009
45.51,1.57797
45.52,1.57584
45.53,1.57371
45.54,1.57158
45.55,1.56946
45.56,1.56733
45.57,1.5652
45.58,1.56308
45.59,1.56096
45.6,1.55883
45.61,1.55671
45.62,1.55459
45.63,1.55246
45.64,1.55034
45.65,1.54822
45.66,1.5461
45.67,1.54398
45.68,1.54186
45.69,1.53974
45.7,1.53763
45.71,1.53551
45.72,1.53339
45.73,1.53127
45.74,1.52916
45.75,1.52704
45.76,1.52493
45.77,1.52281
45.78,1.5207
45.79,1.51859
45.8,1.51647
45.81,1.51436
45.82,1.51225
45.83,1.51014
45.84,1.50803
45.85,1.50592
45.86,1.50381
45.87,1.5017
45.88,1.49959
45.89,1.49749
45.9,1.49538
45.91,1.49327
45.92,1.49117
45.93,1.48906
45.94,1.48696
45.95,1.48485
45.96,1.48275
45.97,1.48065
45.98,1.47855
45.99,1.47644
46,1.47434
46.01,1.47224
46.02,1.47014
46.03,1.46804
46.04,1.46595
46.05,1.46385
46.06,1.46175
46.07,1.45965
46.08,1.45756
46.09,1.45546
46.1,1.45337
46.11,1.45127
46.12,1.44918
46.13,1.44709
46.14,1.44499
46.15,1.4429
46.16,1.44081
46.17,1.43872
46.18,1.43663
46.19,1.43454
46.2,1.43245
46.21,1.43036
46.22,1.42828
46.23,1.42619
46.24,1.4241
46.25,1.42202
46.26,1.41993
46.27,1.41785
46.28,1.41576
46.29,1.41368
46.3,1.4116
46.31,1.40952
46.32,1.40743
46.33,1.40535
46.34,1.40327
46.35,1.4012
46.36,1.39912
46.37,1.39704
46.38,1.39496
46.39,1.39288
46.4,1.39081
46.41,1.38873
46.42,1.38666
46.43,1.38458
46.44,1.38251
46.45,1.38044
46.46,1.37837
46.47,1.3763
46.48,1.37423
46.49,1.37216
46.5,1.37009
46.51,1.36802
46.52,1.36595
46.53,1.36388
46.54,1.36182
46.55,1.35975
46.56,1.35768
46.57,1.35562
46.58,1.35356
46.59,1.35149
46.6,1.34943
46.61,1.34737
46.62,1.34531
46.63,1.34325
46.64,1.34119
46.65,1.33913
46.66,1.33707
46.67,1.33501
46.68,1.33296
46.69,1.3309
46.7,1.32885
46.71,1.32679
46.72,1.32474
46.73,1.32268
46.74,1.32063
46.75,1.31858
46.76,1.31653
46.77,1.31448
46.78,1.31243
46.79,1.31038
46.8,1.30833
46.81,1.30629
46.82,1.30424
46.83,1.3022
46.84,1.30015
46.85,1.29811
46.86,1.29606
46.87,1.29402
46.88,1.29198
46.89,1.28994
46.9,1.2879
46.91,1.28586
46.92,1.28382
46.93,1.28178
46.94,1.27974
46.95,1.27771
46.96,1.27567
46.97,1.27364
46.98,1.2716
46.99,1.26957
47,1.26754
47.01,1.26551
47.02,1.26348
47.03,1.26145
47.04,1.25942
47.05,1.25739
47.06,1.25536
47.07,1.25334
47.08,1.25131
47.09,1.24928
47.1,1.24726
47.11,1.24524
47.12,1.24321
47.13,1.24119
47.14,1.23917
47.15,1.23715
47.16,1.23513
47.17,1.23312
47.18,1.2311
47.19,1.22908
47.2,1.22707
47.21,1.22505
47.22,1.22304
47.23,1.22103
47.24,1.21901
47.25,1.217
47.26,1.21499
47.27,1.21298
47.28,1.21097
47.29,1.20897
47.3,1.20696
47.31,1.20495
47.32,1.20295
47.33,1.20095
47.34,1.19894
47.35,1.19694
47.36,1.19494
47.37,1.19294
47.38,1.19094
47.39,1.18894
47.4,1.18694
47.41,1.18495
47.42,1.18295
47.43,1.18096
47.44,1.17896
47.45,1.17697
47.46,1.17498
47.47,1.17299
47.48,1.171
47.49,1.16901
47.5,1.16702
47.51,1.16504
47.52,1.16305
47.53,1.16107
47.54,1.15908
47.55,1.1571
47.56,1.15512
47.57,1.15314
47.58,1.15116
47.59,1.14918
47.6,1.1472
47.61,1.14522
47.62,1.14325
47.63,1.14127
47.64,1.1393
47.65,1.13733
47.66,1.13536
47.67,1.13339
47.68,1.13142
47.69,1.12945
47.7,1.12748
47.71,1.12552
47.72,1.12355
47.73,1.12159
47.74,1.11962
47.75,1.11766
47.76,1.1157
47.77,1.11374
47.78,1.11178
47.79,1.10983
47.8,1.10787
47.81,1.10592
47.82,1.10396
47.83,1.10201
47.84,1.10006
47.85,1.09811
47.86,1.09616
47.87,1.09421
47.88,1.09226
47.89,1.09032
47.9,1.08837
47.91,1.08643
47.92,1.08449
47.93,1.08254
47.94,1.0806
47.95,1.07867
47.96,1.07673
47.97,1.07479
47.98,1.07286
47.99,1.07092
48,1.06899
48.01,1.06706
48.02,1.06513
48.03,1.0632
48.04,1.06127
48.05,1.05934
48.06,1.05742
48.07,1.0555
48.08,1.05357
48.09,1.05165
48.1,1.04973
48.11,1.04781
48.12,1.04589
48.13,1.04398
48.14,1.04206
48.15,1.04015
48.16,1.03824
48.17,1.03633
48.18,1.03442
48.19,1.03251
48.2,1.0306
48.21,1.0287
48.22,1.02679
48.23,1.02489
48.24,1.02299
48.25,1.02109
48.26,1.01919
48.27,1.01729
48.28,1.01539
48.29,1.0135
48.3,1.01161
48.31,1.00971
48.32,1.00782
48.33,1.00593
48.34,1.00405
48.35,1.00216
48.36,1.00027
48.37,0.998391
48.38,0.996509
48.39,0.994629
48.4,0.99275
48.41,0.990872
48.42,0.988996
48.43,0.987122
48.44,0.985248
48.45,0.983377
48.46,0.981507
48.47,0.979638
48.48,0.977771
48.49,0.975906
48.5,0.974042
48.51,0.972179
48.52,0.970318
48.53,0.968459
48.54,0.966601
48.55,0.964745
48.56,0.96289
48.57,0.961037
48.58,0.959185
48.59,0.957335
48.6,0.955487
48.61,0.95364
48.62,0.951795
48.63,0.949952
48.64,0.94811
48.65,0.94627
48.66,0.944431
48.67,0.942594
48.68,0.940759
48.69,0.938925
48.7,0.937093
48.71,0.935263
48.72,0.933434
48.73,0.931608
48.74,0.929782
48.75,0.927959
48.76,0.926137
48.77,0.924317
48.78,0.922499
48.79,0.920682
48.8,0.918868
48.81,0.917055
48.82,0.915243
48.83,0.913434
48.84,0.911626
48.85,0.90982
48.86,0.908016
48.87,0.906214
48.88,0.904413
48.89,0.902615
48.9,0.900818
48.91,0.899023
48.92,0.897229
48.93,0.895438
48.94,0.893649
48.95,0.891861
48.96,0.890075
48.97,0.888291
48.98,0.886509
48.99,0.884729
49,0.882951
49.01,0.881175
49.02,0.8794
49.03,0.877628
49.04,0.875858
49.05,0.874089
49.06,0.872323
49.07,0.870558
49.08,0.868795
49.09,0.867035
49.1,0.865276
49.11,0.863519
49.12,0.861765
49.13,0.860012
49.14,0.858261
49.15,0.856513
49.16,0.854766
49.17,0.853022
49.18,0.851279
49.19,0.849539
49.2,0.847801
49.21,0.846065
49.22,0.84433
49.23,0.842598
49.24,0.840869
49.25,0.839141
49.26,0.837415
49.27,0.835692
49.28,0.83397
49.29,0.832251
49.3,0.830534
49.31,0.828819
49.32,0.827106
49.33,0.825396
49.34,0.823687
49.35,0.821981
49.36,0.820277
49.37,0.818576
49.38,0.816876
49.39,0.815179
49.4,0.813484
49.41,0.811791
49.42,0.810101
49.43,0.808413
49.44,0.806727
49.45,0.805043
49.46,0.803362
49.47,0.801683
49.48,0.800007
49.49,0.798332
49.5,0.79666
49.51,0.794991
49.52,0.793323
49.53,0.791659
49.54,0.789996
49.55,0.788336
49.56,0.786678
49.57,0.785023
49.58,0.78337
49.59,0.781719
49.6,0.780071
49.61,0.778426
49.62,0.776783
49.63,0.775142
49.64,0.773504
49.65,0.771868
49.66,0.770235
49.67,0.768604
49.68,0.766976
49.69,0.76535
49.7,0.763727
49.71,0.762106
49.72,0.760488
49.73,0.758872
49.74,0.757259
49.75,0.755649
49.76,0.754041
49.77,0.752436
49.78,0.750833
49.79,0.749233
49.8,0.747636
49.81,0.746041
49.82,0.744449
49.83,0.742859
49.84,0.741272
49.85,0.739688
49.86,0.738107
49.87,0.736528
49.88,0.734952
49.89,0.733378
49.9,0.731807
49.91,0.730239
49.92,0.728674
49.93,0.727112
49.94,0.725552
49.95,0.723995
49.96,0.722441
49.97,0.720889
49.98,0.71934
49.99,0.717794
50,0.716251
50.01,0.714711
50.02,0.713174
50.03,0.711639
50.04,0.710107
50.05,0.708578
50.06,0.707052
50.07,0.705529
50.08,0.704009
50.09,0.702491
50.1,0.700977
50.11,0.699465
50.12,0.697956
50.13,0.696451
50.14,0.694948
50.15,0.693448
50.16,0.691951
50.17,0.690457
50.18,0.688966
50.19,0.687478
50.2,0.685993
50.21,0.684511
50.22,0.683032
50.23,0.681556
50.24,0.680083
50.25,0.678613
50.26,0.677146
50.27,0.675682
50.28,0.674221
50.29,0.672764
50.3,0.671309
50.31,0.669858
50.32,0.668409
50.33,0.666964
50.34,0.665522
50.35,0.664082
50.36,0.662647
50.37,0.661214
50.38,0.659784
50.39,0.658358
50.4,0.656934
50.41,0.655514
50.42,0.654097
50.43,0.652683
50.44,0.651273
50.45,0.649865
50.46,0.648461
50.47,0.64706
50.48,0.645662
50.49,0.644268
50.5,0.642877
50.51,0.641489
50.52,0.640104
50.53,0.638723
50.54,0.637345
50.55,0.63597
50.56,0.634598
50.57,0.63323
50.58,0.631865
50.59,0.630504
50.6,0.629146
50.61,0.627791
50.62,0.626439
50.63,0.625091
50.64,0.623746
50.65,0.622405
50.66,0.621067
50.67,0.619732
50.68,0.618401
50.69,0.617073
50.7,0.615749
50.71,0.614428
50.72,0.61311
50.73,0.611796
50.74,0.610485
50.75,0.609178
50.76,0.607874
50.77,0.606574
50.78,0.605277
50.79,0.603984
50.8,0.602694
50.81,0.601408
50.82,0.600125
50.83,0.598845
50.84,0.597569
50.85,0.596297
50.86,0.595028
50.87,0.593763
50.88,0.592501
50.89,0.591243
50.9,0.589988
50.91,0.588737
50.92,0.58749
50.93,0.586246
50.94,0.585005
50.95,0.583769
50.96,0.582536
50.97,0.581306
50.98,0.58008
50.99,0.578858
51,0.577639
51.01,0.576424
51.02,0.575212
51.03,0.574004
51.04,0.5728
51.05,0.5716
51.06,0.570403
51.07,0.569209
51.08,0.56802
51.09,0.566834
51.1,0.565652
51.11,0.564473
51.12,0.563298
51.13,0.562127
51.14,0.560959
51.15,0.559796
51.16,0.558636
51.17,0.557479
51.18,0.556326
51.19,0.555177
51.2,0.554032
51.21,0.552891
51.22,0.551753
51.23,0.550619
51.24,0.549489
51.25,0.548362
51.26,0.547239
51.27,0.54612
51.28,0.545005
51.29,0.543893
51.3,0.542785
51.31,0.541681
51.32,0.540581
51.33,0.539485
51.34,0.538392
51.35,0.537303
51.36,0.536218
51.37,0.535137
51.38,0.534059
51.39,0.532985
51.4,0.531915
51.41,0.530849
51.42,0.529787
51.43,0.528728
51.44,0.527674
51.45,0.526623
51.46,0.525576
51.47,0.524532
51.48,0.523493
51.49,0.522457
51.5,0.521426
51.51,0.520398
51.52,0.519373
51.53,0.518353
51.54,0.517337
51.55,0.516324
51.56,0.515315
51.57,0.51431
51.58,0.513309
51.59,0.512312
51.6,0.511318
51.61,0.510328
51.62,0.509343
51.63,0.508361
51.64,0.507383
51.65,0.506408
51.66,0.505438
51.67,0.504471
51.68,0.503509
51.69,0.50255
51.7,0.501595
51.71,0.500644
51.72,0.499696
51.73,0.498753
51.74,0.497813
51.75,0.496878
51.76,0.495946
51.77,0.495018
51.78,0.494093
51.79,0.493173
51.8,0.492256
51.81,0.491344
51.82,0.490435
51.83,0.48953
51.84,0.488629
51.85,0.487731
51.86,0.486838
51.87,0.485948
51.88,0.485063
51.89,0.484181
51.9,0.483302
51.91,0.482428
51.92,0.481558
51.93,0.480691
51.94,0.479828
51.95,0.478969
51.96,0.478114
51.97,0.477263
51.98,0.476415
51.99,0.475572
52,0.474732
52.01,0.473896
52.02,0.473063
52.03,0.472235
52.04,0.47141
52.05,0.47059
52.06,0.469773
52.07,0.468959
52.08,0.46815
52.09,0.467344
52.1,0.466542
52.11,0.465744
52.12,0.46495
52.13,0.464159
52.14,0.463373
52.15,0.46259
52.16,0.46181
52.17,0.461035
52.18,0.460263
52.19,0.459495
52.2,0.458731
52.21,0.45797
52.22,0.457213
52.23,0.45646
52.24,0.455711
52.25,0.454966
52.26,0.454224
52.27,0.453485
52.28,0.452751
52.29,0.45202
52.3,0.451293
52.31,0.45057
52.32,0.44985
52.33,0.449134
52.34,0.448422
52.35,0.447713
52.36,0.447008
52.37,0.446307
52.38,0.445609
52.39,0.444915
52.4,0.444224
52.41,0.443538
52.42,0.442854
52.43,0.442175
52.44,0.441499
52.45,0.440826
52.46,0.440158
52.47,0.439493
52.48,0.438831
52.49,0.438173
52.5,0.437519
52.51,0.436868
52.52,0.43622
52.53,0.435577
52.54,0.434936
52.55,0.4343
52.56,0.433666
52.57,0.433037
52.58,0.432411
52.59,0.431788
52.6,0.431169
52.61,0.430553
52.62,0.429941
52.63,0.429332
52.64,0.428727
52.65,0.428125
52.66,0.427527
52.67,0.426932
52.68,0.42634
52.69,0.425752
52.7,0.425168
52.71,0.424586
52.72,0.424008
52.73,0.423434
52.74,0.422863
52.75,0.422295
52.76,0.421731
52.77,0.42117
52.78,0.420612
52.79,0.420058
52.8,0.419507
52.81,0.418959
52.82,0.418414
52.83,0.417873
52.84,0.417335
52.85,0.416801
52.86,0.416269
52.87,0.415741
52.88,0.415216
52.89,0.414695
52.9,0.414176
52.91,0.413661
52.92,0.413149
52.93,0.412641
52.94,0.412135
52.95,0.411633
52.96,0.411133
52.97,0.410637
52.98,0.410144
52.99,0.409654
53,0.409168
53.01,0.408684
53.02,0.408204
53.03,0.407726
53.04,0.407252
53.05,0.406781
53.06,0.406312
53.07,0.405847
53.08,0.405385
53.09,0.404926
53.1,0.40447
53.11,0.404017
53.12,0.403567
53.13,0.40312
53.14,0.402675
53.15,0.402234
53.16,0.401796
53.17,0.401361
53.18,0.400928
53.19,0.400499
53.2,0.400072
53.21,0.399649
53.22,0.399228
53.23,0.39881
53.24,0.398395
53.25,0.397982
53.26,0.397573
53.27,0.397167
53.28,0.396763
53.29,0.396362
53.3,0.395964
53.31,0.395568
53.32,0.395176
53.33,0.394786
53.34,0.394398
53.35,0.394014
53.36,0.393632
53.37,0.393253
53.38,0.392877
53.39,0.392503
53.4,0.392132
53.41,0.391764
53.42,0.391398
53.43,0.391035
53.44,0.390675
53.45,0.390317
53.46,0.389962
53.47,0.389609
53.48,0.389259
53.49,0.388912
53.5,0.388567
53.51,0.388224
53.52,0.387884
53.53,0.387547
53.54,0.387212
53.55,0.38688
53.56,0.38655
53.57,0.386222
53.58,0.385897
53.59,0.385575
53.6,0.385255
53.61,0.384937
53.62,0.384622
53.63,0.384309
53.64,0.383998
53.65,0.38369
53.66,0.383384
53.67,0.383081
53.68,0.38278
53.69,0.382481
53.7,0.382184
53.71,0.38189
53.72,0.381598
53.73,0.381308
53.74,0.381021
53.75,0.380736
53.76,0.380453
53.77,0.380172
53.78,0.379894
53.79,0.379617
53.8,0.379343
53.81,0.379071
53.82,0.378801
53.83,0.378534
53.84,0.378268
53.85,0.378005
53.86,0.377744
53.87,0.377485
53.88,0.377227
53.89,0.376972
53.9,0.37672
53.91,0.376469
53.92,0.37622
53.93,0.375973
53.94,0.375728
53.95,0.375486
53.96,0.375245
53.97,0.375006
53.98,0.374769
53.99,0.374534
54,0.374301
54.01,0.37407
54.02,0.373841
54.03,0.373614
54.04,0.373389
54.05,0.373166
54.06,0.372944
54.07,0.372724
54.08,0.372507
54.09,0.372291
54.1,0.372077
54.11,0.371864
54.12,0.371654
54.13,0.371445
54.14,0.371238
54.15,0.371033
54.16,0.37083
54.17,0.370628
54.18,0.370429
54.19,0.37023
54.2,0.370034
54.21,0.369839
54.22,0.369646
54.23,0.369455
54.24,0.369265
54.25,0.369077
54.26,0.368891
54.27,0.368706
54.28,0.368523
54.29,0.368342
54.3,0.368162
54.31,0.367984
54.32,0.367807
54.33,0.367632
54.34,0.367459
54.35,0.367287
54.36,0.367116
54.37,0.366948
54.38,0.36678
54.39,0.366614
54.4,0.36645
54.41,0.366287
54.42,0.366126
54.43,0.365966
54.44,0.365808
54.45,0.365651
54.46,0.365495
54.47,0.365341
54.48,0.365188
54.49,0.365037
54.5,0.364887
54.51,0.364739
54.52,0.364591
54.53,0.364446
54.54,0.364301
54.55,0.364158
54.56,0.364017
54.57,0.363876
54.58,0.363737
54.59,0.363599
54.6,0.363463
54.61,0.363328
54.62,0.363194
54.63,0.363061
54.64,0.36293
54.65,0.3628
54.66,0.362671
54.67,0.362543
54.68,0.362417
54.69,0.362292
54.7,0.362168
54.71,0.362045
54.72,0.361923
54.73,0.361803
54.74,0.361684
54.75,0.361566
54.76,0.361449
54.77,0.361333
54.78,0.361218
54.79,0.361105
54.8,0.360992
54.81,0.360881
54.82,0.36077
54.83,0.360661
54.84,0.360553
54.85,0.360446
54.86,0.36034
54.87,0.360235
54.88,0.360132
54.89,0.360029
54.9,0.359927
54.91,0.359826
54.92,0.359727
54.93,0.359628
54.94,0.35953
54.95,0.359433
54.96,0.359337
54.97,0.359243
54.98,0.359149
54.99,0.359056
55,0.358964
55.01,0.358873
55.02,0.358783
55.03,0.358694
55.04,0.358605
55.05,0.358518
55.06,0.358432
55.07,0.358346
55.08,0.358262
55.09,0.358178
55.1,0.358095
55.11,0.358013
55.12,0.357932
55.13,0.357851
55.14,0.357772
55.15,0.357693
55.16,0.357615
55.17,0.357538
55.18,0.357462
55.19,0.357387
55.2,0.357312
55.21,0.357238
55.22,0.357165
55.23,0.357093
55.24,0.357021
55.25,0.356951
55.26,0.356881
55.27,0.356811
55.28,0.356743
55.29,0.356675
55.3,0.356608
55.31,0.356542
55.32,0.356476
55.33,0.356411
55.34,0.356347
55.35,0.356284
55.36,0.356221
55.37,0.356159
55.38,0.356097
55.39,0.356037
55.4,0.355977
55.41,0.355917
55.42,0.355858
55.43,0.3558
55.44,0.355743
55.45,0.355686
55.46,0.35563
55.47,0.355574
55.48,0.355519
55.49,0.355465
55.5,0.355411
55.51,0.355358
55.52,0.355305
55.53,0.355253
55.54,0.355202
55.55,0.355151
55.56,0.355101
55.57,0.355051
55.58,0.355002
55.59,0.354953
55.6,0.354905
55.61,0.354858
55.62,0.354811
55.63,0.354765
55.64,0.354719
55.65,0.354673
55.66,0.354628
55.67,0.354584
55.68,0.35454
55.69,0.354497
55.7,0.354454
55.71,0.354412
55.72,0.35437
55.73,0.354329
55.74,0.354288
55.75,0.354248
55.76,0.354208
55.77,0.354168
55.78,0.354129
55.79,0.354091
55.8,0.354053
55.81,0.354015
55.82,0.353978
55.83,0.353941
55.84,0.353905
55.85,0.353869
55.86,0.353833
55.87,0.353798
55.88,0.353764
55.89,0.35373
55.9,0.353696
55.91,0.353662
55.92,0.353629
55.93,0.353597
55.94,0.353565
55.95,0.353533
55.96,0.353501
55.97,0.35347
55.98,0.353439
55.99,0.353409
56,0.353379
56.01,0.35335
56.02,0.35332
56.03,0.353292
56.04,0.353263
56.05,0.353235
56.06,0.353207
56.07,0.353179
56.08,0.353152
56.09,0.353125
56.1,0.353099
56.11,0.353073
56.12,0.353047
56.13,0.353021
56.14,0.352996
56.15,0.352971
56.16,0.352947
56.17,0.352922
56.18,0.352898
56.19,0.352875
56.2,0.352851
56.21,0.352828
56.22,0.352806
56.23,0.352783
56.24,0.352761
56.25,0.352739
56.26,0.352717
56.27,0.352696
56.28,0.352675
56.29,0.352654
56.3,0.352633
56.31,0.352613
56.32,0.352593
56.33,0.352573
56.34,0.352553
56.35,0.352534
56.36,0.352515
56.37,0.352496
56.38,0.352477
56.39,0.352459
56.4,0.352441
56.41,0.352423
56.42,0.352405
56.43,0.352388
56.44,0.352371
56.45,0.352354
56.46,0.352337
56.47,0.352321
56.48,0.352304
56.49,0.352288
56.5,0.352272
56.51,0.352257
56.52,0.352241
56.53,0.352226
56.54,0.352211
56.55,0.352196
56.56,0.352181
56.57,0.352167
56.58,0.352152
56.59,0.352138
56.6,0.352124
56.61,0.352111
56.62,0.352097
56.63,0.352084
56.64,0.35207
56.65,0.352057
56.66,0.352045
56.67,0.352032
56.68,0.352019
56.69,0.352007
56.7,0.351995
56.71,0.351983
56.72,0.351971
56.73,0.351959
56.74,0.351948
56.75,0.351936
56.76,0.351925
56.77,0.351914
56.78,0.351903
56.79,0.351892
56.8,0.351882
56.81,0.351871
56.82,0.351861
56.83,0.351851
56.84,0.351841
56.85,0.351831
56.86,0.351821
56.87,0.351811
56.88,0.351802
56.89,0.351792
56.9,0.351783
56.91,0.351774
56.92,0.351765
56.93,0.351756
56.94,0.351747
56.95,0.351739
56.96,0.35173
56.97,0.351722
56.98,0.351714
56.99,0.351706
57,0.351698
57.01,0.35169
57.02,0.351682
57.03,0.351674
57.04,0.351666
57.05,0.351659
57.06,0.351652
57.07,0.351644
57.08,0.351637
57.09,0.35163
57.1,0.351623
57.11,0.351616
57.12,0.351609
57.13,0.351603
57.14,0.351596
57.15,0.35159
57.16,0.351583
57.17,0.351577
57.18,0.351571
57.19,0.351565
57.2,0.351559
57.21,0.351553
57.22,0.351547
57.23,0.351541
57.24,0.351535
57.25,0.35153
57.26,0.351524
57.27,0.351519
57.28,0.351513
57.29,0.351508
57.3,0.351503
57.31,0.351498
57.32,0.351493
57.33,0.351488
57.34,0.351483
57.35,0.351478
57.36,0.351473
57.37,0.351468
57.38,0.351464
57.39,0.351459
57.4,0.351455
57.41,0.35145
57.42,0.351446
57.43,0.351442
57.44,0.351437
57.45,0.351433
57.46,0.351429
57.47,0.351425
57.48,0.351421
57.49,0.351417
57.5,0.351413
57.51,0.351409
57.52,0.351406
57.53,0.351402
57.54,0.351398
57.55,0.351395
57.56,0.351391
57.57,0.351388
57.58,0.351384
57.59,0.351381
57.6,0.351377
57.61,0.351374
57.62,0.351371
57.63,0.351368
57.64,0.351365
57.65,0.351362
57.66,0.351359
57.67,0.351356
57.68,0.351353
57.69,0.35135
57.7,0.351347
57.71,0.351344
57.72,0.351341
57.73,0.351339
57.74,0.351336
57.75,0.351333
57.76,0.351331
57.77,0.351328
57.78,0.351325
57.79,0.351323
57.8,0.351321
57.81,0.351318
57.82,0.351316
57.83,0.351313
57.84,0.351311
57.85,0.351309
57.86,0.351307
57.87,0.351304
57.88,0.351302
57.89,0.3513
57.9,0.351298
57.91,0.351296
57.92,0.351294
57.93,0.351292
57.94,0.35129
57.95,0.351288
57.96,0.351286
57.97,0.351284
57.98,0.351283
57.99,0.351281
58,0.351279
58.01,0.351277
58.02,0.351275
58.03,0.351274
58.04,0.351272
58.05,0.35127
58.06,0.351269
58.07,0.351267
58.08,0.351266
58.09,0.351264
58.1,0.351263
58.11,0.351261
58.12,0.35126
58.13,0.351258
58.14,0.351257
58.15,0.351255
58.16,0.351254
58.17,0.351253
58.18,0.351251
58.19,0.35125
58.2,0.351249
58.21,0.351247
58.22,0.351246
58.23,0.351245
58.24,0.351244
58.25,0.351243
58.26,0.351241
58.27,0.35124
58.28,0.351239
58.29,0.351238
58.3,0.351237
58.31,0.351236
58.32,0.351235
58.33,0.351234
58.34,0.351233
58.35,0.351232
58.36,0.351231
58.37,0.35123
58.38,0.351229
58.39,0.351228
58.4,0.351227
58.41,0.351226
58.42,0.351225
58.43,0.351224
58.44,0.351223
58.45,0.351223
58.46,0.351222
58.47,0.351221
58.48,0.35122
58.49,0.351219
58.5,0.351219
58.51,0.351218
58.52,0.351217
58.53,0.351216
58.54,0.351216
58.55,0.351215
58.56,0.351214
58.57,0.351213
58.58,0.351213
58.59,0.351212
58.6,0.351211
58.61,0.351211
58.62,0.35121
58.63,0.351209
58.64,0.351209
58.65,0.351208
58.66,0.351208
58.67,0.351207
58.68,0.351207
58.69,0.351206
58.7,0.351205
58.71,0.351205
58.72,0.351204
58.73,0.351204
58.74,0.351203
58.75,0.351203
58.76,0.351202
58.77,0.351202
58.78,0.351201
58.79,0.351201
58.8,0.3512
58.81,0.3512
58.82,0.351199
58.83,0.351199
58.84,0.351199
58.85,0.351198
58.86,0.351198
58.87,0.351197
58.88,0.351197
58.89,0.351196
58.9,0.351196
58.91,0.351196
58.92,0.351195
58.93,0.351195
58.94,0.351195
58.95,0.351194
58.96,0.351194
58.97,0.351194
58.98,0.351193
58.99,0.351193
59,0.351193
59.01,0.351192
59.02,0.351192
59.03,0.351192
59.04,0.351191
59.05,0.351191
59.06,0.351191
59.07,0.35119
59.08,0.35119
59.09,0.35119
59.1,0.35119
59.11,0.351189
59.12,0.351189
59.13,0.351189
59.14,0.351189
59.15,0.351188
59.16,0.351188
59.17,0.351188
59.18,0.351188
59.19,0.351187
59.2,0.351187
59.21,0.351187
59.22,0.351187
59.23,0.351186
59.24,0.351186
59.25,0.351186
59.26,0.351186
59.27,0.351186
59.28,0.351185
59.29,0.351185
59.3,0.351185
59.31,0.351185
59.32,0.351185
59.33,0.351185
59.34,0.351184
59.35,0.351184
59.36,0.351184
59.37,0.351184
59.38,0.351184
59.39,0.351183
59.4,0.351183
59.41,0.351183
59.42,0.351183
59.43,0.351183
59.44,0.351183
59.45,0.351183
59.46,0.351182
59.47,0.351182
59.48,0.351182
59.49,0.351182
59.5,0.351182
59.51,0.351182
59.52,0.351182
59.53,0.351182
59.54,0.351181
59.55,0.351181
59.56,0.351181
59.57,0.351181
59.58,0.351181
59.59,0.351181
59.6,0.351181
59.61,0.351181
59.62,0.351181
59.63,0.35118
59.64,0.35118
59.65,0.35118
59.66,0.35118
59.67,0.35118
59.68,0.35118
59.69,0.35118
59.7,0.35118
59.71,0.35118
59.72,0.35118
59.73,0.35118
59.74,0.351179
59.75,0.351179
59.76,0.351179
59.77,0.351179
59.78,0.351179
59.79,0.351179
59.8,0.351179
59.81,0.351179
59.82,0.351179
59.83,0.351179
59.84,0.351179
59.85,0.351179
59.86,0.351179
59.87,0.351179
59.88,0.351178
59.89,0.351178
59.9,0.351178
59.91,0.351178
59.92,0.351178
59.93,0.351178
59.94,0.351178
59.95,0.351178
59.96,0.351178
59.97,0.351178
59.98,0.351178
59.99,0.351178
60,0.351178
60.01,0.351178
60.02,0.351178
60.03,0.351178
60.04,0.351178
60.05,0.351178
60.06,0.351178
60.07,0.351178
60.08,0.351177
60.09,0.351177
60.1,0.351177
60.11,0.351177
60.12,0.351177
60.13,0.351177
60.14,0.351177
60.15,0.351177
60.16,0.351177
60.17,0.351177
60.18,0.351177
60.19,0.351177
60.2,0.351177
60.21,0.351177
60.22,0.351177
60.23,0.351177
60.24,0.351177
60.25,0.351177
60.26,0.351177
60.27,0.351177
60.28,0.351177
60.29,0.351177
60.3,0.351177
60.31,0.351177
60.32,0.351177
60.33,0.351177
60.34,0.351177
60.35,0.351177
60.36,0.351177
60.37,0.351177
60.38,0.351177
60.39,0.351177
60.4,0.351177
60.41,0.351177
60.42,0.351177
60.43,0.351176
60.44,0.351176
60.45,0.351176
60.46,0.351176
60.47,0.351176
60.48,0.351176
60.49,0.351176
60.5,0.351176
60.51,0.351176
60.52,0.351176
60.53,0.351176
60.54,0.351176
60.55,0.351176
60.56,0.351176
60.57,0.351176
60.58,0.351176
60.59,0.351176
60.6,0.351176
60.61,0.351176
60.62,0.351176
60.63,0.351176
60.64,0.351176
60.65,0.351176
60.66,0.351176
60.67,0.351176
60.68,0.351176
60.69,0.351176
60.7,0.351176
60.71,0.351176
60.72,0.351176
60.73,0.351176
60.74,0.351176
60.75,0.351176
60.76,0.351176
60.77,0.351176
60.78,0.351176
60.79,0.351176
60.8,0.351176
60.81,0.351176
60.82,0.351176
60.83,0.351176
60.84,0.351176
60.85,0.351176
60.86,0.351176
60.87,0.351176
60.88,0.351176
60.89,0.351176
60.9,0.351176
60.91,0.351176
60.92,0.351176
60.93,0.351176
60.94,0.351176
60.95,0.351176
60.96,0.351176
60.97,0.351176
60.98,0.351176
60.99,0.351176
61,0.351176
61.01,0.351176
61.02,0.351176
61.03,0.351176
61.04,0.351176
61.05,0.351176
61.06,0.351176
61.07,0.351176
61.08,0.351176
61.09,0.351176
61.1,0.351176
61.11,0.351176
61.12,0.351176
61.13,0.351176
61.14,0.351176
61.15,0.351176
61.16,0.351176
61.17,0.351176
61.18,0.351176
61.19,0.351176
61.2,0.351176
61.21,0.351176
61.22,0.351176
61.23,0.351176
61.24,0.351176
61.25,0.351176
61.26,0.351176
61.27,0.351176
61.28,0.351176
61.29,0.351176
61.3,0.351176
61.31,0.351176
61.32,0.351176
61.33,0.351176
61.34,0.351176
61.35,0.351176
61.36,0.351176
61.37,0.351176
61.38,0.351176
61.39,0.351176
61.4,0.351176
61.41,0.351176
61.42,0.351176
61.43,0.351176
61.44,0.351176
61.45,0.351176
61.46,0.351176
61.47,0.351176
61.48,0.351176
61.49,0.351176
61.5,0.351176
61.51,0.351176
61.52,0.351176
61.53,0.351176
61.54,0.351176
61.55,0.351176
61.56,0.351176
61.57,0.351176
61.58,0.351176
61.59,0.351176
61.6,0.351176
61.61,0.351176
61.62,0.351176
61.63,0.351176
61.64,0.351176
61.65,0.351176
61.66,0.351176
61.67,0.351176
61.68,0.351176
61.69,0.351176
61.7,0.351176
61.71,0.351176
61.72,0.351176
61.73,0.351176
61.74,0.351176
61.75,0.351176
61.76,0.351176
61.77,0.351176
61.78,0.351176
61.79,0.351176
61.8,0.351176
61.81,0.351176
61.82,0.351176
61.83,0.351176
61.84,0.351176
61.85,0.351176
61.86,0.351176
61.87,0.351176
61.88,0.351176
61.89,0.351176
61.9,0.351176
61.91,0.351176
61.92,0.351176
61.93,0.351176
61.94,0.351176
61.95,0.351176
61.96,0.351176
61.97,0.351176
61.98,0.351176
61.99,0.351176
62,0.351176
62.01,0.351176
62.02,0.351176
62.03,0.351176
62.04,0.351176
62.05,0.351176
62.06,0.351176
62.07,0.351176
62.08,0.351176
62.09,0.351176
62.1,0.351176
62.11,0.351176
62.12,0.351176
62.13,0.351176
62.14,0.351176
62.15,0.351176
62.16,0.351176
62.17,0.351176
62.18,0.351176
62.19,0.351176
62.2,0.351176
62.21,0.351176
62.22,0.351176
62.23,0.351176
62.24,0.351176
62.25,0.351176
62.26,0.351176
62.27,0.351176
62.28,0.351176
62.29,0.351176
62.3,0.351176
62.31,0.351176
62.32,0.351176
62.33,0.351176
62.34,0.351176
62.35,0.351176
62.36,0.351176
62.37,0.351176
62.38,0.351176
62.39,0.351176
62.4,0.351176
62.41,0.351176
62.42,0.351176
62.43,0.351176
62.44,0.351176
62.45,0.351176
62.46,0.351176
62.47,0.351176
62.48,0.351176
62.49,0.351176
62.5,0.351176
62.51,0.351176
62.52,0.351176
62.53,0.351176
62.54,0.351176
62.55,0.351176
62.56,0.351176
62.57,0.351176
62.58,0.351176
62.59,0.351176
62.6,0.351176
62.61,0.351176
62.62,0.351176
62.63,0.351176
62.64,0.351176
62.65,0.351176
62.66,0.351176
62.67,0.351176
62.68,0.351176
62.69,0.351176
62.7,0.351176
62.71,0.351176
62.72,0.351176
62.73,0.351176
62.74,0.351176
62.75,0.351176
62.76,0.351176
62.77,0.351176
62.78,0.351176
62.79,0.351176
62.8,0.351176
62.81,0.351176
62.82,0.351176
62.83,0.351176
62.84,0.351176
62.85,0.351176
62.86,0.351176
62.87,0.351176
62.88,0.351176
62.89,0.351176
62.9,0.351176
62.91,0.351176
62.92,0.351176
62.93,0.351176
62.94,0.351176
62.95,0.351176
62.96,0.351176
62.97,0.351176
62.98,0.351176
62.99,0.351176
63,0.351176
63.01,0.351176
63.02,0.351176
63.03,0.351176
63.04,0.351176
63.05,0.351176
63.06,0.351176
63.07,0.351176
63.08,0.351176
63.09,0.351176
63.1,0.351176
63.11,0.351176
63.12,0.351176
63.13,0.351176
63.14,0.351176
63.15,0.351176
63.16,0.351176
63.17,0.351176
63.18,0.351176
63.19,0.351176
63.2,0.351176
63.21,0.351176
63.22,0.351176
63.23,0.351176
63.24,0.351176
63.25,0.351176
63.26,0.351176
63.27,0.351176
63.28,0.351176
63.29,0.351176
63.3,0.351176
63.31,0.351176
63.32,0.351177
63.33,0.351177
63.34,0.351177
63.35,0.351177
63.36,0.351177
63.37,0.351177
63.38,0.351177
63.39,0.351177
63.4,0.351177
63.41,0.351177
63.42,0.351177
63.43,0.351177
63.44,0.351177
63.45,0.351177
63.46,0.351177
63.47,0.351177
63.48,0.351177
63.49,0.351177
63.5,0.351177
63.51,0.351177
63.52,0.351177
63.53,0.351177
63.54,0.351177
63.55,0.351177
63.56,0.351177
63.57,0.351177
63.58,0.351177
63.59,0.351177
63.6,0.351177
63.61,0.351177
63.62,0.351177
63.63,0.351177
63.64,0.351177
63.65,0.351177
63.66,0.351177
63.67,0.351177
63.68,0.351177
63.69,0.351177
63.7,0.351177
63.71,0.351177
63.72,0.351177
63.73,0.351177
63.74,0.351177
63.75,0.351177
63.76,0.351177
63.77,0.351177
63.78,0.351177
63.79,0.351177
63.8,0.351177
63.81,0.351177
63.82,0.351177
63.83,0.351177
63.84,0.351177
63.85,0.351177
63.86,0.351177
63.87,0.351177
63.88,0.351177
63.89,0.351177
63.9,0.351177
63.91,0.351177
63.92,0.351177
63.93,0.351177
63.94,0.351177
63.95,0.351177
63.96,0.351177
63.97,0.351177
63.98,0.351177
63.99,0.351177
64,0.351177
64.01,0.351177
64.02,0.351177
64.03,0.351177
64.04,0.351177
64.05,0.351177
64.06,0.351177
64.07,0.351177
64.08,0.351177
64.09,0.351177
64.1,0.351177
64.11,0.351177
64.12,0.351177
64.13,0.351177
64.14,0.351177
64.15,0.351177
64.16,0.351177
64.17,0.351177
64.18,0.351177
64.19,0.351177
64.2,0.351177
64.21,0.351177
64.22,0.351177
64.23,0.351177
64.24,0.351177
64.25,0.351177
64.26,0.351177
64.27,0.351177
64.28,0.351177
64.29,0.351177
64.3,0.351177
64.31,0.351177
64.32,0.351177
64.33,0.351177
64.34,0.351177
64.35,0.351177
64.36,0.351177
64.37,0.351177
64.38,0.351177
64.39,0.351177
64.4,0.351177
64.41,0.351177
64.42,0.351177
64.43,0.351177
64.44,0.351177
64.45,0.351177
64.46,0.351177
64.47,0.351177
64.48,0.351177
64.49,0.351177
64.5,0.351177
64.51,0.351177
64.52,0.351177
64.53,0.351177
64.54,0.351177
64.55,0.351177
64.56,0.351177
64.57,0.351177
64.58,0.351177
64.59,0.351177
64.6,0.351177
64.61,0.351177
64.62,0.351177
64.63,0.351177
64.64,0.351177
64.65,0.351177
64.66,0.351177
64.67,0.351177
64.68,0.351177
64.69,0.351177
64.7,0.351177
64.71,0.351177
64.72,0.351177
64.73,0.351177
64.74,0.351177
64.75,0.351177
64.76,0.351177
64.77,0.351177
64.78,0.351177
64.79,0.351177
64.8,0.351177
64.81,0.351177
64.82,0.351177
64.83,0.351177
64.84,0.351177
64.85,0.351177
64.86,0.351177
64.87,0.351177
64.88,0.351177
64.89,0.351177
64.9,0.351177
64.91,0.351177
64.92,0.351177
64.93,0.351177
64.94,0.351177
64.95,0.351177
64.96,0.351177
64.97,0.351177
64.98,0.351177
64.99,0.351177
65,0.351177
65.01,0.351177
65.02,0.351177
65.03,0.351177
65.04,0.351177
65.05,0.351177
65.06,0.351177
65.07,0.351177
65.08,0.351177
65.09,0.351177
65.1,0.351177
65.11,0.351177
65.12,0.351177
65.13,0.351177
65.14,0.351177
65.15,0.351177
65.16,0.351177
65.17,0.351177
65.18,0.351177
65.19,0.351177
65.2,0.351177
65.21,0.351177
65.22,0.351177
65.23,0.351177
65.24,0.351177
65.25,0.351177
65.26,0.351177
65.27,0.351177
65.28,0.351177
65.29,0.351177
65.3,0.351177
65.31,0.351177
65.32,0.351177
65.33,0.351177
65.34,0.351177
65.35,0.351177
65.36,0.351177
65.37,0.351177
65.38,0.351177
65.39,0.351177
65.4,0.351177
65.41,0.351177
65.42,0.351177
65.43,0.351177
65.44,0.351177
65.45,0.351177
65.46,0.351177
65.47,0.351177
65.48,0.351177
65.49,0.351177
65.5,0.351177
65.51,0.351177
65.52,0.351177
65.53,0.351177
65.54,0.351177
65.55,0.351177
65.56,0.351177
65.57,0.351177
65.58,0.351177
65.59,0.351177
65.6,0.351177
65.61,0.351177
65.62,0.351177
65.63,0.351177
65.64,0.351177
65.65,0.351177
65.66,0.351177
65.67,0.351177
65.68,0.351177
65.69,0.351177
65.7,0.351177
65.71,0.351177
65.72,0.351177
65.73,0.351177
65.74,0.351177
65.75,0.351177
65.76,0.351177
65.77,0.351177
65.78,0.351177
65.79,0.351177
65.8,0.351177
65.81,0.351177
65.82,0.351177
65.83,0.351177
65.84,0.351177
65.85,0.351177
65.86,0.351177
65.87,0.351177
65.88,0.351177
65.89,0.351177
65.9,0.351177
65.91,0.351177
65.92,0.351177
65.93,0.351177
65.94,0.351177
65.95,0.351177
65.96,0.351177
65.97,0.351177
65.98,0.351177
65.99,0.351177
66,0.351177
66.01,0.351177
66.02,0.351177
66.03,0.351177
66.04,0.351177
66.05,0.351177
66.06,0.351177
66.07,0.351177
66.08,0.351177
66.09,0.351177
66.1,0.351177
66.11,0.351178
66.12,0.351178
66.13,0.351178
66.14,0.351178
66.15,0.351178
66.16,0.351178
66.17,0.351178
66.18,0.351178
66.19,0.351178
66.2,0.351178
66.21,0.351178
66.22,0.351178
66.23,0.351178
66.24,0.351178
66.25,0.351178
66.26,0.351178
66.27,0.351178
66.28,0.351178
66.29,0.351178
66.3,0.351178
66.31,0.351178
66.32,0.351178
66.33,0.351178
66.34,0.351178
66.35,0.351178
66.36,0.351178
66.37,0.351178
66.38,0.351178
66.39,0.351178
66.4,0.351178
66.41,0.351178
66.42,0.351178
66.43,0.351178
66.44,0.351178
66.45,0.351178
66.46,0.351178
66.47,0.351178
66.48,0.351178
66.49,0.351178
66.5,0.351178
66.51,0.351178
66.52,0.351178
66.53,0.351178
66.54,0.351178
66.55,0.351178
66.56,0.351178
66.57,0.351178
66.58,0.351178
66.59,0.351178
66.6,0.351178
66.61,0.351178
66.62,0.351178
66.63,0.351178
66.64,0.351178
66.65,0.351178
66.66,0.351178
66.67,0.351178
66.68,0.351178
66.69,0.351178
66.7,0.351178
66.71,0.351178
66.72,0.351178
66.73,0.351178
66.74,0.351178
66.75,0.351178
66.76,0.351178
66.77,0.351178
66.78,0.351178
66.79,0.351178
66.8,0.351178
66.81,0.351178
66.82,0.351178
66.83,0.351178
66.84,0.351178
66.85,0.351178
66.86,0.351178
66.87,0.351178
66.88,0.351178
66.89,0.351178
66.9,0.351178
66.91,0.351178
66.92,0.351178
66.93,0.351178
66.94,0.351178
66.95,0.351178
66.96,0.351178
66.97,0.351178
66.98,0.351178
66.99,0.351178
67,0.351178
67.01,0.351178
67.02,0.351178
67.03,0.351178
67.04,0.351178
67.05,0.351178
67.06,0.351178
67.07,0.351178
67.08,0.351178
67.09,0.351178
67.1,0.351178
67.11,0.351178
67.12,0.351178
67.13,0.351178
67.14,0.351178
67.15,0.351178
67.16,0.351178
67.17,0.351178
67.18,0.351178
67.19,0.351178
67.2,0.351178
67.21,0.351178
67.22,0.351178
67.23,0.351178
67.24,0.351178
67.25,0.351178
67.26,0.351178
67.27,0.351178
67.28,0.351178
67.29,0.351178
67.3,0.351178
67.31,0.351178
67.32,0.351178
67.33,0.351178
67.34,0.351178
67.35,0.351178
67.36,0.351178
67.37,0.351178
67.38,0.351178
67.39,0.351178
67.4,0.351178
67.41,0.351178
67.42,0.351178
67.43,0.351178
67.44,0.351178
67.45,0.351178
67.46,0.351178
67.47,0.351178
67.48,0.351178
67.49,0.351178
67.5,0.351178
67.51,0.351178
67.52,0.351178
67.53,0.351178
67.54,0.351178
67.55,0.351178
67.56,0.351178
67.57,0.351178
67.58,0.351178
67.59,0.351178
67.6,0.351178
67.61,0.351178
67.62,0.351178
67.63,0.351178
67.64,0.351178
67.65,0.351178
67.66,0.351178
67.67,0.351178
67.68,0.351178
67.69,0.351178
67.7,0.351178
67.71,0.351178
67.72,0.351178
67.73,0.351178
67.74,0.351178
67.75,0.351178
67.76,0.351178
67.77,0.351178
67.78,0.351178
67.79,0.351178
67.8,0.351178
67.81,0.351178
67.82,0.351178
67.83,0.351178
67.84,0.351178
67.85,0.351178
67.86,0.351178
67.87,0.351178
67.88,0.351178
67.89,0.351178
67.9,0.351178
67.91,0.351178
67.92,0.351178
67.93,0.351178
67.94,0.351178
67.95,0.351178
67.96,0.351178
67.97,0.351178
67.98,0.351178
67.99,0.351178
68,0.351178
68.01,0.351178
68.02,0.351178
68.03,0.351178
68.04,0.351178
68.05,0.351178
68.06,0.351178
68.07,0.351178
68.08,0.351178
68.09,0.351178
68.1,0.351178
68.11,0.351178
68.12,0.351178
68.13,0.351178
68.14,0.351178
68.15,0.351178
68.16,0.351178
68.17,0.351178
68.18,0.351178
68.19,0.351178
68.2,0.351178
68.21,0.351178
68.22,0.351178
68.23,0.351178
68.24,0.351178
68.25,0.351178
68.26,0.351178
68.27,0.351178
68.28,0.351178
68.29,0.351178
68.3,0.351178
68.31,0.351178
68.32,0.351178
68.33,0.351178
68.34,0.351178
68.35,0.351178
68.36,0.351178
68.37,0.351178
68.38,0.351178
68.39,0.351178
68.4,0.351178
68.41,0.351178
68.42,0.351178
68.43,0.351178
68.44,0.351178
68.45,0.351178
68.46,0.351178
68.47,0.351178
68.48,0.351178
68.49,0.351178
68.5,0.351178
68.51,0.351178
68.52,0.351178
68.53,0.351178
68.54,0.351178
68.55,0.351178
68.56,0.351178
68.57,0.351178
68.58,0.351178
68.59,0.351178
68.6,0.351178
68.61,0.351178
68.62,0.351178
68.63,0.351178
68.64,0.351178
68.65,0.351178
68.66,0.351178
68.67,0.351178
68.68,0.351178
68.69,0.351178
68.7,0.351178
68.71,0.351178
68.72,0.351178
68.73,0.351178
68.74,0.351178
68.75,0.351178
68.76,0.351178
68.77,0.351178
68.78,0.351178
68.79,0.351178
68.8,0.351178
68.81,0.351178
68.82,0.351178
68.83,0.351178
68.84,0.351178
68.85,0.351178
68.86,0.351178
68.87,0.351178
68.88,0.351178
68.89,0.351178
68.9,0.351178
68.91,0.351178
68.92,0.351178
68.93,0.351178
68.94,0.351178
68.95,0.351178
68.96,0.351178
68.97,0.351178
68.98,0.351179
68.99,0.351179
69,0.351179
69.01,0.351179
69.02,0.351179
69.03,0.351179
69.04,0.351179
69.05,0.351179
69.06,0.351179
69.07,0.351179
69.08,0.351179
69.09,0.351179
69.1,0.351179
69.11,0.351179
69.12,0.351179
69.13,0.351179
69.14,0.351179
69.15,0.351179
69.16,0.351179
69.17,0.351179
69.18,0.351179
69.19,0.351179
69.2,0.351179
69.21,0.351179
69.22,0.351179
69.23,0.351179
69.24,0.351179
69.25,0.351179
69.26,0.351179
69.27,0.351179
69.28,0.351179
69.29,0.351179
69.3,0.351179
69.31,0.351179
69.32,0.351179
69.33,0.351179
69.34,0.351179
69.35,0.351179
69.36,0.351179
69.37,0.351179
69.38,0.351179
69.39,0.351179
69.4,0.351179
69.41,0.351179
69.42,0.351179
69.43,0.351179
69.44,0.351179
69.45,0.351179
69.46,0.351179
69.47,0.351179
69.48,0.351179
69.49,0.351179
69.5,0.351179
69.51,0.351179
69.52,0.351179
69.53,0.351179
69.54,0.351179
69.55,0.351179
69.56,0.351179
69.57,0.351179
69.58,0.351179
69.59,0.351179
69.6,0.351179
69.61,0.351179
69.62,0.351179
69.63,0.351179
69.64,0.351179
69.65,0.351179
69.66,0.351179
69.67,0.351179
69.68,0.351179
69.69,0.351179
69.7,0.351179
69.71,0.351179
69.72,0.351179
69.73,0.351179
69.74,0.351179
69.75,0.351179
69.76,0.351179
69.77,0.351179
69.78,0.351179
69.79,0.351179
69.8,0.351179
69.81,0.351179
69.82,0.351179
69.83,0.351179
69.84,0.351179
69.85,0.351179
69.86,0.351179
69.87,0.351179
69.88,0.351179
69.89,0.351179
69.9,0.351179
69.91,0.351179
69.92,0.351179
69.93,0.351179
69.94,0.351179
69.95,0.351179
69.96,0.351179
69.97,0.351179
69.98,0.351179
69.99,0.351179
